[]
[]
[]
[]
[]
[]
[]
[]
[]
[]
[]
[]
[]
[]
[]
[]
[]
[]
[]
[]
[]
[]
[]
[]
[]
[]
[]
[]
[]
[]
[]
[]
[]
[]
[]
[]
[]
[]
[]
[]
[]
[]
[]
[(23, 1), (31, 1), (39, 1)]
[(47, 1), (55, 1)]
[(39, 1), (47, 1), (55, 1)]
[(7, 1), (15, 1), (31, 1)]
[(15, 1), (22, 2), (31, 1), (39, 1), (55, 1), (63, 1)]
[(15, 1), (23, 1), (30, 1), (47, 1), (62, 1)]
[(14, 1), (38, 1), (46, 1), (54, 1)]
[(6, 1), (29, 1), (45, 1), (53, 1), (61, 1)]
[(37, 1)]
[(6, 1)]
[(14, 1), (22, 1), (29, 1)]
[(30, 1), (61, 1)]
[(7, 1), (37, 1), (45, 1)]
[]
[(38, 1), (40, 1), (53, 1)]
[(32, 1), (40, 1)]
[(32, 1), (38, 1), (56, 1)]
[(24, 1), (32, 1), (40, 1), (48, 1)]
[(16, 1)]
[(49, 1), (57, 1)]
[(8, 1), (25, 1), (33, 1), (41, 1)]
[(42, 1), (46, 1), (54, 1)]
[(0, 1), (17, 1), (42, 1), (46, 1)]
[(15, 1), (38, 1), (46, 1)]
[(62, 1)]
[(9, 1)]
[(1, 1), (34, 1), (50, 1), (58, 1)]
[(6, 1), (26, 1), (42, 1)]
[]
[(23, 1), (54, 1)]
[(23, 1), (46, 1)]
[(6, 1), (10, 1), (54, 1)]
[(18, 1)]
[(7, 1)]
[(15, 1), (38, 1), (54, 1)]
[(18, 1)]
[(10, 1), (43, 1), (62, 1)]
[(5, 1), (13, 1), (30, 1)]
[(43, 1)]
[(5, 1), (13, 1)]
[(14, 1), (22, 1), (26, 1)]
[(6, 1)]
[(53, 1)]
[(1, 1), (45, 1)]
[(37, 1)]
[]
[(58, 1)]
[(50, 1)]
[(13, 1), (29, 1), (58, 1)]
[(13, 1), (34, 1), (50, 1), (61, 1)]
[]
[(21, 1)]
[]
[(9, 2), (58, 1)]
[(13, 1), (50, 1)]
[(5, 1), (42, 1)]
[(9, 1)]
[(10, 1), (36, 1), (44, 1)]
[(52, 1)]
[]
[(52, 1)]
[(36, 1)]
[(1, 1), (5, 1), (42, 1)]
[(34, 1), (50, 1)]
[(13, 1)]
[]
[]
[(44, 1), (58, 1)]
[]
[(21, 1)]
[(2, 1)]
[(26, 1)]
[]
[]
[]
[(18, 1)]
[]
[(10, 1), (29, 1)]
[]
[]
[(43, 1)]
[(35, 1), (51, 1)]
[(61, 1)]
[]
[(51, 1)]
[]
[]
[(29, 1)]
[(35, 1), (51, 1), (61, 1)]
[]
[(51, 1)]
[]
[(21, 1)]
[(20, 1)]
[(13, 1), (43, 1)]
[(5, 1), (10, 1), (28, 1), (60, 1)]
[]
[(2, 1), (28, 1)]
[(12, 1), (18, 1), (20, 1)]
[]
[(12, 1)]
[]
[]
[(44, 1)]
[]
[]
[(36, 1)]
[]
[]
[(59, 1)]
[]
[]
[]
[]
[(36, 1)]
[(60, 1)]
[(52, 1), (59, 1)]
[(18, 1), (52, 1)]
[(19, 1), (27, 1)]
[(10, 1), (59, 1)]
[(2, 1), (44, 1)]
[]
[(27, 1)]
[(13, 1), (19, 1)]
[(11, 1)]
[(21, 1)]
[(5, 1), (11, 1)]
[]
[]
[]
[(43, 1)]
[]
[(5, 1), (35, 1), (59, 1)]
[]
[]
[(59, 2)]
[]
[]
[]
[(5, 1)]
[(35, 1)]
[(51, 1), (59, 1)]
[(51, 1)]
[(21, 1), (60, 1)]
[(20, 1), (28, 1)]
[(13, 1), (60, 1)]
[(43, 1)]
[(5, 1)]
[(10, 1), (20, 1), (28, 1)]
[]
[(2, 1), (12, 1)]
[(18, 1)]
[(12, 1), (18, 1)]
[]
[]
[]
[(13, 1)]
[(5, 1), (21, 1), (60, 1)]
[]
[(10, 1), (29, 1), (61, 1)]
[(29, 1)]
[(6, 1), (53, 1)]
[(2, 1), (5, 1), (45, 1)]
[(13, 2), (29, 1), (60, 1)]
[(37, 1), (60, 1)]
[(5, 1), (37, 1)]
[(11, 1), (13, 1), (22, 1), (37, 1)]
[(19, 1), (27, 1), (54, 1)]
[(6, 2), (22, 1), (27, 1), (43, 1), (46, 1), (51, 1), (62, 1)]
[(3, 1), (6, 1), (27, 1), (35, 1)]
[(22, 1), (59, 1)]
[(30, 1), (38, 1)]
[]
[(2, 1)]
[(3, 1), (28, 1), (60, 1)]
[(7, 1)]
[(10, 1), (61, 1)]
[(20, 1), (62, 1)]
[(61, 1)]
[(2, 1), (14, 1)]
[(52, 1)]
[(11, 1)]
[]
[(18, 1)]
[(22, 1)]
[(14, 1), (22, 1)]
[(22, 1), (52, 1)]
[(20, 1), (54, 1), (61, 1)]
[(14, 1)]
[(10, 1)]
[]
[]
[(4, 1)]
[]
[]
[(4, 1)]
[(6, 1)]
[(46, 1)]
[]
[]
[]
[]
[]
[(20, 1), (46, 1)]
[]
[]
[]
[]
[]
[(6, 1)]
[]
[]
[]
[]
[]
[]
[(54, 1)]
[]
[(19, 1), (22, 1), (61, 1)]
[]
[(14, 1), (18, 1)]
[]
[]
[]
[(27, 1)]
[]
[]
[]
[]
[]
[(62, 1)]
[(7, 1)]
[]
[]
[]
[]
[(23, 1)]
[]
[(7, 1)]
[]
[]
[]
[]
[]
[]
[]
[]
[]
[]
[]
[(7, 1)]
[]
[]
[]
[]
[]
[]
[(23, 1)]
[]
[(7, 1)]
[]
[]
[]
[]
[]
[]
[]
[(43, 1), (62, 1)]
[(28, 1)]
[]
[(7, 1)]
[(43, 1), (60, 1)]
[(43, 1)]
[(7, 1)]
[(20, 1)]
[]
[]
[(18, 1), (27, 1)]
[]
[]
[(10, 1)]
[(14, 1), (19, 1)]
[]
[]
[(11, 1), (51, 1), (59, 1)]
[(2, 1), (14, 1), (18, 1)]
[(30, 1), (35, 1)]
[(3, 1), (20, 1), (54, 1)]
[(1, 1), (10, 1), (30, 1)]
[(1, 1)]
[(2, 1), (12, 1), (58, 1)]
[(4, 1), (7, 1), (46, 1)]
[(58, 1)]
[]
[(20, 1), (59, 2)]
[(46, 1)]
[(61, 1)]
[(35, 1), (43, 1), (54, 1)]
[(13, 1), (15, 1), (51, 1)]
[(12, 1)]
[(5, 1), (20, 1), (23, 1), (31, 1), (39, 1), (52, 1)]
[(4, 1), (12, 1), (28, 1), (44, 1), (47, 1)]
[(4, 1), (36, 1), (53, 1), (55, 1)]
[(13, 1), (62, 1)]
[(13, 1), (21, 1), (29, 1), (62, 2)]
[(37, 1)]
[(30, 1), (45, 1), (63, 1)]
[(22, 1), (30, 1), (63, 1)]
[(30, 1), (38, 1)]
[(4, 2), (13, 1), (46, 1), (54, 1)]
[(1, 3), (11, 2), (21, 2), (63, 1)]
[(1, 2), (13, 1), (17, 1), (19, 2), (25, 1), (27, 1)]
[(3, 1), (5, 1), (10, 1), (17, 2), (21, 1), (25, 2), (28, 3), (34, 2), (42, 2), (49, 2)]
[(4, 1), (10, 3), (18, 1), (29, 1), (33, 1), (36, 2), (44, 1), (49, 4), (59, 1)]
[(29, 1), (33, 1), (45, 1), (51, 1), (55, 1), (59, 2)]
[(6, 1), (11, 3), (21, 2), (26, 1), (30, 2), (34, 1), (39, 1), (42, 1), (44, 1), (47, 1), (52, 2), (60, 2)]
[(3, 4), (14, 2), (19, 1), (23, 1), (27, 1), (29, 1), (35, 1), (37, 1), (43, 1), (45, 1), (53, 1), (61, 1)]
[(3, 1), (6, 2), (11, 2), (20, 1), (22, 1), (28, 1), (36, 1)]
[(4, 3), (13, 1), (21, 2)]
[(6, 1)]
[]
[]
[(59, 1)]
[]
[(51, 1)]
[(52, 1)]
[]
[(43, 1), (59, 1)]
[(44, 1)]
[]
[(35, 2), (51, 1)]
[(52, 1)]
[]
[(28, 1), (43, 1)]
[(27, 1)]
[(44, 1)]
[(35, 1)]
[(20, 1)]
[]
[(36, 1)]
[(19, 1)]
[(27, 1)]
[(12, 1)]
[]
[]
[]
[]
[]
[]
[]
[]
[]
[(27, 1)]
[(12, 1)]
[(36, 1)]
[(35, 1)]
[(19, 1), (35, 1)]
[]
[(20, 1), (35, 1)]
[]
[(44, 1)]
[(27, 1)]
[(43, 1)]
[(27, 1)]
[]
[]
[(27, 1)]
[]
[(37, 1)]
[(37, 1)]
[(27, 1)]
[]
[(37, 1)]
[]
[]
[(43, 1)]
[(29, 1)]
[]
[]
[]
[(20, 1), (44, 1)]
[]
[]
[(35, 1)]
[]
[(21, 1)]
[]
[(21, 1)]
[]
[]
[]
[(35, 1)]
[(35, 1)]
[(37, 1)]
[]
[(35, 1), (62, 2)]
[(55, 7)]
[(29, 1), (39, 1), (47, 1), (53, 2)]
[(23, 1), (30, 2), (35, 1), (38, 2), (46, 1), (52, 1), (56, 3)]
[(0, 15), (15, 8), (24, 6), (32, 3), (36, 2), (39, 5), (45, 6), (52, 12)]
[]
[]
[]
[]
[]
[]
[]
[]
[]
[]
[]
[]
[]
[(19, 1), (26, 1), (34, 1), (37, 1), (43, 1), (45, 1), (47, 1), (58, 1)]
[(18, 3), (25, 1), (28, 1), (33, 1), (41, 2), (50, 1), (56, 2)]
[(17, 2), (24, 1), (27, 1), (32, 1), (35, 1), (46, 2), (49, 1)]
[(16, 2), (26, 1), (28, 1), (33, 3), (39, 1), (46, 1), (48, 1)]
[(16, 1), (24, 2), (27, 2), (31, 1), (33, 2), (38, 1), (40, 1), (61, 1), (63, 1)]
[(19, 1), (24, 3), (29, 2), (52, 1), (54, 1), (60, 1)]
[(17, 3), (21, 3), (28, 1), (44, 1), (53, 1), (55, 1), (57, 1), (59, 1), (62, 1)]
[(10, 1), (15, 2), (19, 2), (43, 1), (45, 3), (51, 1), (56, 1)]
[(8, 2), (12, 3), (42, 1), (48, 1), (50, 1), (58, 1)]
[(1, 1), (7, 1), (11, 1), (35, 2), (38, 2)]
[(1, 1), (6, 2), (10, 1), (31, 1), (34, 1), (37, 1), (41, 1), (48, 2)]
[(10, 1)]
[(1, 1), (5, 1)]
[(0, 1), (41, 1), (56, 1)]
[(2, 1), (7, 1), (26, 1), (31, 1), (34, 1), (40, 1), (49, 1)]
[(4, 1), (26, 1), (40, 1)]
[(3, 1), (28, 2), (42, 1), (50, 1), (57, 1)]
[(24, 1), (28, 1), (30, 2), (35, 1), (58, 1)]
[(16, 1), (24, 1), (29, 1), (43, 1), (51, 1), (59, 2)]
[(16, 2), (36, 1), (44, 1), (48, 1)]
[(0, 1), (16, 2), (22, 1), (24, 1), (37, 1), (40, 1), (49, 1), (52, 1), (56, 1), (61, 2)]
[(0, 1), (8, 1), (10, 1), (17, 1), (22, 1), (30, 1), (38, 1), (40, 2), (45, 1), (53, 1), (57, 1), (63, 1)]
[(9, 2), (19, 1), (25, 1), (31, 2), (34, 1), (37, 1), (39, 4), (50, 1), (54, 1)]
[(10, 2), (18, 3), (26, 1), (34, 2), (37, 1), (39, 1), (42, 2), (46, 1), (51, 1), (58, 1)]
[(1, 2), (11, 2), (19, 2), (33, 1), (38, 1), (41, 1), (55, 1)]
[(0, 1), (11, 1), (38, 1), (47, 1)]
[(4, 1), (12, 2), (27, 1), (35, 1), (39, 1), (42, 1), (44, 1)]
[(3, 1), (20, 1), (31, 1), (34, 1), (36, 1), (43, 1)]
[(4, 2), (31, 1), (43, 1)]
[(12, 1)]
[(13, 1)]
[(4, 1), (6, 1)]
[(27, 1), (37, 1)]
[(5, 1)]
[(6, 1), (20, 1), (29, 1)]
[(28, 1)]
[]
[(37, 1), (51, 1)]
[(12, 1), (58, 1)]
[(28, 1), (44, 1)]
[]
[]
[(35, 1), (58, 1)]
[]
[(29, 1)]
[(12, 1)]
[(36, 1), (58, 1)]
[]
[(27, 1)]
[]
[(60, 1)]
[(43, 1)]
[(50, 1), (55, 1)]
[(59, 1)]
[(42, 1), (59, 1)]
[(50, 1), (60, 1)]
[(15, 1), (35, 1), (50, 2), (63, 1)]
[(55, 1), (59, 1)]
[(41, 1), (47, 1), (58, 1), (60, 1)]
[(15, 1), (41, 1), (54, 1)]
[(7, 1), (54, 1)]
[(4, 1), (7, 1), (12, 1), (15, 1), (46, 1), (62, 1)]
[(15, 1), (55, 1)]
[(35, 1), (50, 2), (61, 1)]
[(28, 1)]
[(22, 2)]
[(27, 1), (39, 1), (54, 1)]
[(4, 1), (27, 1), (42, 1), (51, 1)]
[(22, 1), (31, 1)]
[(0, 2), (4, 1), (28, 1), (45, 1), (51, 1)]
[(2, 2), (12, 1), (38, 1)]
[(2, 1), (15, 1), (30, 1), (53, 1)]
[(0, 2), (3, 1), (8, 2), (12, 1), (15, 1), (29, 1)]
[(2, 1), (10, 2), (20, 1)]
[(2, 1), (4, 1), (6, 3), (51, 1)]
[(5, 1), (9, 3), (23, 1), (29, 1)]
[(10, 1), (16, 1), (20, 1), (52, 1)]
[(10, 1), (12, 1), (16, 3)]
[(14, 1), (19, 1), (28, 1), (43, 1)]
[(17, 1), (51, 1)]
[(13, 1), (19, 1)]
[(15, 1), (18, 1), (28, 1), (37, 1), (51, 1)]
[(21, 1)]
[(20, 1), (30, 1)]
[(25, 1)]
[(22, 2), (25, 2)]
[(27, 1)]
[]
[]
[(26, 2)]
[]
[]
[(28, 1)]
[]
[(29, 2)]
[]
[]
[]
[]
[(37, 1)]
[]
[]
[]
[]
[]
[]
[]
[(34, 1)]
[]
[]
[]
[]
[]
[]
[]
[]
[]
[(35, 1)]
[]
[]
[]
[]
[]
[]
[]
[(34, 1)]
[]
[]
[]
[(34, 1)]
[]
[]
[]
[]
[]
[(35, 1)]
[]
[]
[]
[]
[(34, 1)]
[]
[(44, 1)]
[(44, 1)]
[]
[(37, 1), (44, 1)]
[]
[]
[]
[(28, 1)]
[]
[]
[]
[(29, 1)]
[]
[(29, 1)]
[]
[]
[]
[]
[(28, 1)]
[]
[]
[(44, 1)]
[]
[]
[(37, 1)]
[]
[]
[]
[(34, 1)]
[]
[]
[]
[(34, 1)]
[(35, 1)]
[]
[]
[]
[]
[]
[]
[]
[(38, 1)]
[]
[(44, 1)]
[(45, 1)]
[(36, 1), (45, 1), (52, 1)]
[(39, 1), (53, 1)]
[(45, 1), (52, 1)]
[(35, 1)]
[]
[(37, 1)]
[(31, 1), (37, 1)]
[(38, 1)]
[]
[(37, 2), (46, 1)]
[(29, 1), (46, 1), (53, 1)]
[(30, 1)]
[]
[(28, 1), (37, 1), (39, 1)]
[(0, 1), (8, 1), (16, 1), (38, 1)]
[(16, 1), (28, 1)]
[(1, 1), (9, 1), (31, 1)]
[]
[]
[(2, 1), (10, 1), (16, 1)]
[]
[]
[]
[]
[]
[]
[]
[]
[]
[]
[]
[]
[]
[(30, 1)]
[]
[]
[]
[]
[]
[]
[]
[]
[]
[]
[]
[]
[]
[]
[]
[]
[]
[]
[]
[]
[]
[]
[]
[]
[]
[(11, 1)]
[(3, 1)]
[]
[]
[]
[(45, 1)]
[]
[]
[(19, 1)]
[]
[]
[]
[]
[]
[]
[]
[]
[]
[]
[]
[]
[]
[(19, 1)]
[]
[(45, 1)]
[(44, 1)]
[(37, 1)]
[]
[(11, 1), (37, 1)]
[]
[]
[(45, 1)]
[]
[(44, 1)]
[(17, 1), (29, 1)]
[(11, 1)]
[]
[]
[]
[]
[(29, 1)]
[(11, 1), (17, 1), (45, 1)]
[(9, 1), (45, 1)]
[(10, 1), (45, 1)]
[(16, 1)]
[(30, 1), (38, 1)]
[(3, 1), (16, 1)]
[(2, 1), (53, 1)]
[(1, 1), (16, 1)]
[(8, 1)]
[(21, 1), (23, 1), (31, 1)]
[(0, 1), (22, 1), (39, 1)]
[]
[(37, 1), (46, 1)]
[(54, 1)]
[(15, 1), (29, 1), (45, 1)]
[(55, 1), (62, 1)]
[(6, 2), (13, 2)]
[(13, 1), (21, 1), (39, 1), (47, 1)]
[(39, 1)]
[(22, 1), (30, 1), (37, 1), (63, 1)]
[]
[(14, 1), (36, 1), (53, 2)]
[(28, 1)]
[(6, 2), (15, 1), (23, 1), (28, 1), (31, 1), (35, 2), (46, 1)]
[(29, 1), (31, 1), (36, 2), (55, 1)]
[(19, 1), (27, 1)]
[(35, 1)]
[(31, 1), (37, 1)]
[]
[(63, 1)]
[(35, 1)]
[(30, 1), (62, 1)]
[(31, 1)]
[(19, 1), (27, 1)]
[(27, 1), (47, 1)]
[(31, 1)]
[(38, 1)]
[(31, 1)]
[(27, 1)]
[]
[(27, 1), (29, 1)]
[(20, 1)]
[(44, 1)]
[(20, 1), (38, 1)]
[]
[(27, 1), (36, 1)]
[]
[(43, 1)]
[(19, 1), (35, 1)]
[(11, 1), (19, 1)]
[(45, 1)]
[(30, 2), (37, 1), (46, 2)]
[(3, 1), (38, 2), (43, 2), (51, 5)]
[(3, 1), (45, 2), (59, 3)]
[(47, 1), (51, 3), (62, 2)]
[(54, 2), (59, 5)]
[(19, 1)]
[(11, 1)]
[(26, 1)]
[(19, 1), (27, 1)]
[]
[(27, 1), (35, 1)]
[]
[(26, 1)]
[(35, 1)]
[]
[(43, 1)]
[(35, 1), (43, 1)]
[]
[]
[(35, 1), (43, 1)]
[]
[]
[(0, 1)]
[(1, 4), (8, 4), (16, 2), (24, 1)]
[(5, 3), (12, 4), (18, 4), (25, 4), (32, 4), (40, 2), (48, 1)]
[(22, 2), (29, 3), (36, 4), (42, 4), (49, 4), (56, 4)]
[(43, 1), (46, 2), (53, 3), (60, 3)]
[(63, 1)]
[]
[(52, 1)]
[]
[(52, 1)]
[]
[(60, 2)]
[(52, 1)]
[(61, 1)]
[(52, 1), (60, 1)]
[]
[(53, 1), (61, 1)]
[(53, 1)]
[]
[(60, 2)]
[]
[]
[(53, 1), (60, 2)]
[]
[(54, 1)]
[(46, 1), (54, 1), (60, 1)]
[(37, 2), (44, 2), (53, 1), (60, 2)]
[(20, 3), (28, 3), (37, 1), (44, 3)]
[(4, 1), (13, 2), (20, 1), (28, 3), (38, 1)]
[(5, 1), (14, 1), (22, 1), (29, 2)]
[(4, 2), (30, 1), (36, 2)]
[(45, 1)]
[(13, 1), (37, 1), (44, 2)]
[(21, 1), (43, 1)]
[(35, 1), (37, 1), (44, 1)]
[]
[(29, 1), (43, 1)]
[(26, 1)]
[(37, 1)]
[(34, 1)]
[(18, 1), (34, 1)]
[(18, 1), (43, 1)]
[(36, 1), (43, 1)]
[(18, 1), (34, 1)]
[]
[(35, 1), (43, 1)]
[]
[(10, 1)]
[(9, 1), (43, 1)]
[(10, 1), (42, 1)]
[(1, 1), (18, 1)]
[(25, 2)]
[(42, 1)]
[(17, 1)]
[(33, 1), (41, 1)]
[(34, 1)]
[]
[]
[]
[]
[]
[]
[]
[]
[]
[(49, 1)]
[(34, 1)]
[]
[(2, 1)]
[(10, 1)]
[(18, 1)]
[(26, 1), (41, 2), (50, 1)]
[]
[(17, 1)]
[]
[(33, 1), (49, 1)]
[(9, 1)]
[]
[]
[]
[(1, 1), (25, 1)]
[]
[]
[(3, 1), (35, 1)]
[(11, 1), (43, 1)]
[(19, 1), (27, 1)]
[]
[]
[(18, 1), (42, 1), (51, 1)]
[(34, 1)]
[(10, 1), (50, 1)]
[(2, 1)]
[]
[]
[(26, 1), (36, 1)]
[(28, 1), (44, 1)]
[(4, 1), (28, 1)]
[(12, 1), (52, 1)]
[]
[]
[(20, 1)]
[(28, 1), (43, 1)]
[]
[(35, 1), (51, 1)]
[]
[]
[(19, 1), (27, 1)]
[(11, 1)]
[(3, 1)]
[]
[(37, 1)]
[]
[]
[]
[(37, 1)]
[]
[]
[]
[]
[]
[(35, 1), (43, 1)]
[(43, 1)]
[(5, 1), (35, 1), (37, 1)]
[(35, 1)]
[(13, 1), (34, 1)]
[]
[(53, 1)]
[(21, 1), (53, 1)]
[(29, 1)]
[]
[]
[(53, 1)]
[]
[]
[]
[]
[]
[(19, 1)]
[(19, 1), (21, 1)]
[(21, 1), (33, 1), (53, 1)]
[(60, 1)]
[(45, 1)]
[]
[(26, 1), (33, 1), (53, 1)]
[(5, 1), (60, 1)]
[(5, 1), (26, 1), (34, 2)]
[]
[(27, 1)]
[]
[]
[]
[(19, 1), (27, 1), (60, 1)]
[(6, 1)]
[(6, 1), (19, 1), (60, 1)]
[]
[]
[]
[]
[]
[]
[]
[]
[]
[]
[(3, 1)]
[]
[(3, 1), (11, 1)]
[(3, 1)]
[(14, 1)]
[]
[(19, 1)]
[(3, 1)]
[(14, 1)]
[(10, 2)]
[(10, 1)]
[(18, 1)]
[(27, 1)]
[(19, 1)]
[(26, 1)]
[(36, 1)]
[]
[]
[(18, 1)]
[(26, 1)]
[(34, 2)]
[(27, 1), (52, 1)]
[(34, 1)]
[(36, 1)]
[(52, 1)]
[(14, 1), (42, 1), (44, 1), (52, 1)]
[(6, 1), (22, 1), (42, 2), (46, 1)]
[(50, 1)]
[(35, 1), (38, 1), (50, 1), (54, 1)]
[(30, 1), (52, 1), (61, 1)]
[]
[(61, 1)]
[(51, 1)]
[(52, 1)]
[(35, 1)]
[(36, 1)]
[(27, 1), (51, 1)]
[(3, 1), (7, 1), (43, 1)]
[(3, 1), (15, 1), (19, 1), (23, 1), (28, 1)]
[(11, 1), (19, 1), (31, 1), (35, 1), (39, 1), (44, 1), (61, 2)]
[(11, 1), (27, 1), (47, 1)]
[(19, 2), (44, 1), (52, 1), (55, 1)]
[(29, 1), (63, 1)]
[(11, 1)]
[]
[(3, 1), (12, 1), (27, 1), (29, 1), (44, 1), (52, 1)]
[(27, 1)]
[(18, 2), (26, 1), (34, 1)]
[(18, 1)]
[(26, 1), (34, 1)]
[(19, 1)]
[(27, 1), (35, 1)]
[(12, 1), (35, 1)]
[]
[]
[(19, 1), (52, 1)]
[(26, 2)]
[(18, 1)]
[]
[(20, 1), (52, 1), (63, 1)]
[]
[(20, 2)]
[(63, 1)]
[(18, 1)]
[(27, 1), (35, 1)]
[(3, 1), (19, 1), (26, 1), (35, 1)]
[(21, 1), (29, 1)]
[(12, 1), (29, 1)]
[(12, 1), (26, 1), (35, 1)]
[(18, 2), (27, 1), (35, 1)]
[(12, 1)]
[(21, 1), (29, 1), (34, 1)]
[(3, 1), (13, 1), (34, 1), (44, 1), (61, 1)]
[(37, 1), (53, 1)]
[(3, 1), (19, 1), (34, 1)]
[(14, 1), (18, 1), (22, 1), (27, 1), (30, 1), (34, 1)]
[(26, 1), (62, 1)]
[(5, 1), (12, 1), (28, 1), (36, 1), (38, 1), (44, 2)]
[(6, 1), (15, 1), (20, 1), (23, 1), (31, 1), (36, 1), (39, 1), (44, 1), (46, 1)]
[(5, 1), (45, 1), (62, 1)]
[(7, 1), (47, 1), (54, 1), (62, 1)]
[(36, 1), (45, 1), (55, 1)]
[(44, 1), (63, 1)]
[(3, 1), (18, 1), (36, 1), (44, 1), (51, 1)]
[(35, 1), (43, 1), (51, 1)]
[(5, 1), (26, 1), (28, 1), (42, 2)]
[(10, 1), (35, 1)]
[(5, 1), (10, 1), (26, 1), (28, 1), (35, 1), (50, 1)]
[(35, 2), (42, 1), (50, 2)]
[(18, 1), (44, 1), (51, 2)]
[(3, 1), (21, 1), (29, 1), (37, 1), (44, 2), (52, 2)]
[(11, 1), (13, 1), (19, 1), (45, 2), (53, 2)]
[(27, 1), (54, 1)]
[(13, 1), (19, 1), (27, 1), (45, 2)]
[(3, 1), (11, 1), (21, 1), (29, 1), (35, 1), (37, 1), (44, 2), (52, 1)]
[(18, 1), (26, 1), (35, 2), (43, 2), (51, 2)]
[(28, 1), (35, 1), (51, 1)]
[(43, 1)]
[]
[(42, 1)]
[(10, 1), (35, 1)]
[(26, 1), (28, 1), (35, 1)]
[(3, 1), (6, 1), (10, 1)]
[(13, 1), (18, 1), (36, 1)]
[(7, 1), (42, 1)]
[(11, 1), (21, 1), (35, 2)]
[(29, 1), (35, 1)]
[(11, 1), (29, 1)]
[(35, 1)]
[(21, 1), (28, 1), (34, 1)]
[(13, 3), (23, 1), (28, 1), (63, 1)]
[(13, 1), (22, 1), (27, 2), (30, 1), (34, 1), (55, 1)]
[(21, 1), (29, 3), (47, 1), (54, 1), (62, 1)]
[(28, 2)]
[(4, 1), (27, 1), (30, 1), (38, 2), (46, 1), (53, 1)]
[(28, 1), (61, 1)]
[(18, 1), (29, 1), (37, 1), (45, 1)]
[(11, 1), (39, 1)]
[(7, 1), (15, 1), (31, 1), (44, 1), (47, 1)]
[(28, 1), (52, 1)]
[(4, 1), (26, 2), (36, 1), (55, 1), (60, 1), (63, 1)]
[(6, 1), (14, 1), (17, 1), (38, 1), (46, 1)]
[(11, 1), (15, 1), (18, 1), (30, 1)]
[(18, 1), (43, 1), (60, 1)]
[(5, 1), (15, 1), (61, 2)]
[]
[(3, 1), (13, 1), (25, 3), (54, 1)]
[(16, 2), (21, 1), (37, 1), (51, 1)]
[(29, 1), (31, 1), (35, 1), (45, 1)]
[(35, 1)]
[(35, 1)]
[(21, 1)]
[(31, 1)]
[(17, 1), (53, 1)]
[]
[(24, 1)]
[(25, 1)]
[(23, 1)]
[]
[]
[(12, 1), (18, 1)]
[]
[]
[(30, 1)]
[]
[]
[]
[]
[]
[]
[]
[(18, 1), (30, 1)]
[(16, 1)]
[(30, 1)]
[(12, 1), (23, 1)]
[(25, 1)]
[]
[(16, 1)]
[(24, 1)]
[]
[]
[(17, 1), (30, 1)]
[]
[]
[(17, 1)]
[(17, 1)]
[]
[(31, 1)]
[(21, 1)]
[(23, 1)]
[]
[(22, 1)]
[]
[(53, 1)]
[]
[]
[(22, 1)]
[(17, 1), (23, 1)]
[]
[(45, 1)]
[(21, 1)]
[(16, 2)]
[]
[(31, 1)]
[]
[]
[]
[(10, 1), (15, 1)]
[(14, 1), (21, 2), (45, 1)]
[(26, 1)]
[]
[(25, 1)]
[(17, 1), (21, 1), (34, 1), (54, 1), (60, 1)]
[(34, 1), (45, 1), (62, 1)]
[(10, 1), (26, 1), (35, 1), (37, 1), (54, 1), (61, 1)]
[(22, 1), (35, 1), (54, 1)]
[(14, 1), (23, 1), (27, 1), (29, 1), (35, 1)]
[(17, 1)]
[(3, 1), (22, 1), (43, 1)]
[(51, 1), (54, 1)]
[(54, 1)]
[(7, 1), (11, 1), (28, 1), (30, 1), (46, 1), (60, 1)]
[(5, 1), (13, 1), (22, 1), (36, 1)]
[(30, 2), (38, 1)]
[]
[(20, 1)]
[(4, 1)]
[(7, 1), (52, 1)]
[(23, 1)]
[(4, 1), (14, 1), (29, 3), (55, 1), (63, 1)]
[(39, 1), (47, 1), (61, 1)]
[(6, 1), (23, 1), (26, 1)]
[]
[(31, 1), (44, 1)]
[(27, 1)]
[(18, 1)]
[(4, 1)]
[]
[]
[]
[(7, 1)]
[]
[]
[]
[]
[(37, 1)]
[(7, 1)]
[]
[]
[]
[(20, 1)]
[(12, 1), (23, 1), (34, 1), (45, 1)]
[(5, 1), (13, 1), (19, 1)]
[(7, 1), (33, 1), (38, 1), (53, 1), (61, 1)]
[(28, 1), (35, 1), (61, 1)]
[(27, 1), (39, 1), (46, 1), (54, 1)]
[(6, 1), (14, 1), (18, 1), (20, 1), (29, 1), (33, 1), (36, 1), (62, 1)]
[(21, 1), (26, 1), (28, 1), (37, 1), (39, 1), (41, 3), (47, 1), (55, 1)]
[(7, 1), (15, 1), (19, 1), (22, 2), (34, 1), (41, 1), (44, 1), (51, 1), (63, 1)]
[(11, 1), (29, 1), (36, 1), (38, 1), (45, 1), (50, 1), (52, 1)]
[(3, 1), (10, 1), (18, 2), (30, 1), (35, 1), (42, 1), (46, 1), (53, 1), (58, 3)]
[(31, 1), (37, 1), (47, 1), (50, 1), (54, 2), (61, 1)]
[(2, 1), (10, 2), (38, 1), (43, 3), (51, 1), (58, 1), (62, 2)]
[(39, 1), (51, 1), (59, 1)]
[(46, 1), (51, 3), (59, 1)]
[(47, 1), (54, 1)]
[(55, 1), (59, 4)]
[(63, 1)]
[(10, 3)]
[(2, 1)]
[]
[(3, 1), (10, 1), (12, 1), (18, 3)]
[(18, 1), (27, 2)]
[(11, 1)]
[(20, 1), (35, 2)]
[(19, 1)]
[(28, 1), (43, 2)]
[]
[(27, 1)]
[(36, 1), (51, 2)]
[(53, 1)]
[(35, 1)]
[]
[(44, 1), (59, 1)]
[(60, 1)]
[]
[]
[]
[(53, 1)]
[]
[]
[(44, 1), (60, 1)]
[(53, 1)]
[(53, 1), (59, 1)]
[(35, 2), (52, 1)]
[(37, 1), (51, 1)]
[(27, 1), (37, 1), (44, 1)]
[(28, 2), (43, 1)]
[(19, 2), (29, 1), (36, 1)]
[(11, 1), (35, 1)]
[(12, 2), (28, 1)]
[(0, 3), (5, 15), (20, 7), (28, 15), (43, 15), (58, 6)]
[]
[(5, 1)]
[(18, 1)]
[]
[]
[]
[(11, 1)]
[(11, 1)]
[(5, 1), (27, 1)]
[(6, 1), (18, 2), (27, 1)]
[]
[(26, 1)]
[(34, 1)]
[(20, 1)]
[(26, 1), (28, 1)]
[(5, 2)]
[(34, 1)]
[(42, 1)]
[(28, 1)]
[(13, 1), (41, 2), (49, 1)]
[(5, 1), (17, 1), (20, 1)]
[(4, 1), (11, 1), (41, 1)]
[(10, 1)]
[(20, 1), (22, 1)]
[]
[(48, 2)]
[]
[(5, 2), (11, 1), (22, 1), (57, 1)]
[(12, 1), (14, 1), (48, 1), (57, 1)]
[(11, 1), (13, 3), (17, 1), (49, 1)]
[(6, 1), (10, 1), (13, 1), (15, 1)]
[(6, 2)]
[(3, 1), (5, 3)]
[(49, 1)]
[]
[(7, 1), (42, 1)]
[]
[(7, 1), (42, 1)]
[(35, 1)]
[]
[]
[(35, 1)]
[]
[(27, 1), (36, 1)]
[(36, 1)]
[(27, 1)]
[]
[]
[(35, 1)]
[(28, 1), (35, 1)]
[(36, 1)]
[(27, 1)]
[(28, 1)]
[(27, 1)]
[]
[(35, 1)]
[(36, 1)]
[(28, 1)]
[]
[(27, 2)]
[]
[(36, 1)]
[(35, 1)]
[(44, 1)]
[(19, 1), (28, 1), (36, 1), (44, 1)]
[(19, 1), (27, 1)]
[(43, 1)]
[(20, 1), (36, 1), (43, 1)]
[(20, 1), (35, 1)]
[(27, 1)]
[(27, 3)]
[(29, 1)]
[(27, 1)]
[]
[(19, 1)]
[(19, 1), (28, 1), (36, 1)]
[(20, 1), (28, 1)]
[(20, 1), (43, 1)]
[(28, 1), (43, 1)]
[(29, 1), (36, 1)]
[(29, 1), (34, 1), (36, 1)]
[(34, 3)]
[]
[(44, 1)]
[(19, 1), (35, 1), (44, 1)]
[(19, 1), (27, 1), (51, 1)]
[(35, 1), (43, 1), (51, 1)]
[(20, 1), (35, 1), (43, 1)]
[(20, 1), (27, 1)]
[(34, 1)]
[(27, 1), (34, 1)]
[(27, 2), (37, 1)]
[(37, 1), (45, 1)]
[(11, 1), (19, 1), (45, 1)]
[(11, 1), (19, 1), (28, 1), (44, 1), (52, 1)]
[(12, 1), (20, 1), (44, 1), (52, 1)]
[(12, 1), (20, 1), (51, 1)]
[(22, 1), (43, 2), (51, 1)]
[(19, 2), (22, 1), (30, 1)]
[(30, 1), (37, 2), (41, 2)]
[(11, 1), (34, 1), (37, 2), (41, 2), (46, 1), (51, 2)]
[(12, 1), (18, 1), (21, 1), (25, 1), (45, 1)]
[(3, 2), (17, 2), (25, 2), (34, 1), (43, 1), (46, 1)]
[(9, 1), (13, 1), (17, 2), (26, 1)]
[(5, 1), (9, 2), (18, 1), (21, 1), (27, 1), (43, 1), (45, 1), (52, 1)]
[(10, 1), (13, 1), (27, 1), (37, 1), (52, 1)]
[(5, 1), (37, 1), (52, 1)]
[(2, 1), (36, 1), (44, 1)]
[(2, 1), (51, 1)]
[(19, 1)]
[(19, 1), (28, 1)]
[]
[]
[]
[]
[(19, 1)]
[]
[]
[]
[(28, 1)]
[]
[]
[]
[]
[]
[]
[(36, 1)]
[(26, 1)]
[(44, 1)]
[(19, 1), (44, 1)]
[(35, 1)]
[(44, 1)]
[(20, 1)]
[(26, 1), (43, 1)]
[]
[]
[]
[(18, 1)]
[(18, 1)]
[]
[(28, 1)]
[(26, 1)]
[]
[(26, 1), (36, 1)]
[(34, 1)]
[(35, 1)]
[]
[]
[]
[(34, 1), (36, 1)]
[]
[]
[(42, 1)]
[]
[]
[]
[]
[]
[]
[(50, 1)]
[]
[]
[]
[]
[(50, 1)]
[]
[]
[]
[]
[(42, 2)]
[(28, 1), (35, 1)]
[(51, 1)]
[(20, 1)]
[(35, 1), (52, 1)]
[(35, 1)]
[(35, 1)]
[(5, 1)]
[]
[(13, 1), (29, 1)]
[]
[(11, 1)]
[(21, 1)]
[]
[]
[(19, 1), (29, 1), (35, 1)]
[(27, 1), (29, 1), (37, 2)]
[(30, 1), (46, 1)]
[(14, 1), (45, 1)]
[(3, 1), (51, 1), (54, 1)]
[(6, 1), (22, 1), (38, 1), (43, 1), (53, 1), (62, 1)]
[(12, 1), (46, 1), (54, 1)]
[(62, 1)]
[(30, 1)]
[(20, 1), (36, 1)]
[(30, 1)]
[(39, 1)]
[]
[(28, 1), (31, 1)]
[(47, 1)]
[]
[]
[(31, 1)]
[(31, 1), (46, 1)]
[(55, 1)]
[(54, 1)]
[(12, 1), (61, 1)]
[(31, 1), (54, 1), (61, 1)]
[(12, 1), (18, 3), (27, 2), (30, 1), (36, 1), (39, 1), (46, 2), (55, 1)]
[(12, 1), (14, 2), (18, 1), (24, 2), (27, 1), (35, 1), (43, 1), (45, 1), (52, 2)]
[(4, 1), (7, 1), (14, 1), (19, 1), (22, 1), (24, 2), (27, 1)]
[(7, 1), (12, 1), (15, 1), (27, 1), (29, 1), (45, 1)]
[(7, 1), (20, 1), (22, 1), (29, 1), (35, 1), (38, 2), (43, 1)]
[(5, 1), (13, 1), (15, 1), (21, 1), (23, 1), (28, 1), (30, 1), (36, 1), (44, 1), (46, 1)]
[(6, 1), (14, 1), (22, 1), (29, 1), (31, 1), (37, 1), (45, 1), (47, 1)]
[(7, 1), (15, 1), (23, 1), (30, 1), (38, 1), (46, 1)]
[(31, 1), (39, 1), (47, 1)]
[]
[(24, 1)]
[(25, 1)]
[(24, 1), (26, 1)]
[(27, 1)]
[(25, 1)]
[]
[]
[(28, 1)]
[]
[(26, 1)]
[]
[(29, 1)]
[]
[(27, 1), (29, 1)]
[(28, 2)]
[(29, 1)]
[]
[]
[]
[]
[]
[]
[]
[]
[(7, 1), (15, 1), (23, 1), (31, 1)]
[(6, 1), (14, 1), (22, 2), (29, 3)]
[(5, 2), (13, 1), (21, 3), (27, 2), (39, 1)]
[(4, 3), (12, 2), (20, 3), (26, 1), (30, 1)]
[(3, 3), (7, 1), (11, 3), (15, 1), (19, 3), (25, 1)]
[(2, 2), (6, 2), (10, 1), (12, 1), (14, 2), (18, 3), (24, 1), (29, 1), (31, 1), (38, 1)]
[(4, 4), (9, 1), (11, 1), (13, 3), (21, 1), (23, 1), (30, 1)]
[(1, 6), (10, 5), (17, 7), (28, 2), (37, 1), (39, 1), (47, 1)]
[(1, 1), (3, 3), (8, 1), (10, 13), (27, 3), (39, 1), (46, 2)]
[(0, 1), (2, 1), (4, 1), (9, 1), (12, 3), (19, 1), (21, 1), (23, 1), (28, 2), (36, 1), (38, 2)]
[(0, 1), (2, 2), (9, 3), (13, 1), (17, 2), (20, 2), (23, 1), (26, 4), (31, 1), (37, 2), (45, 2)]
[(1, 1), (3, 1), (6, 3), (11, 4), (16, 1), (18, 4), (27, 1), (29, 1), (35, 1), (37, 3), (45, 1), (47, 1), (55, 1)]
[(1, 1), (6, 1), (9, 2), (12, 3), (16, 2), (20, 3), (26, 3), (30, 1), (36, 2), (39, 1), (63, 1)]
[(0, 1), (5, 2), (8, 1), (10, 5), (18, 5), (25, 2), (28, 2), (31, 1), (36, 1), (38, 2), (46, 1), (62, 1)]
[(0, 1), (5, 1), (9, 1), (11, 3), (17, 1), (19, 3), (25, 1), (27, 2), (35, 2), (38, 1), (45, 1), (54, 1)]
[(4, 2), (8, 1), (12, 2), (16, 1), (18, 4), (26, 2), (30, 1), (34, 2), (37, 1)]
[(4, 2), (9, 1), (12, 2), (17, 1), (20, 1), (25, 1), (35, 1), (53, 1), (61, 1)]
[(5, 1), (12, 2), (16, 1), (18, 2), (26, 1), (37, 3), (61, 1)]
[(4, 1), (8, 1), (11, 1), (19, 2), (25, 1), (27, 1), (29, 1), (36, 1), (61, 1), (63, 1)]
[(4, 1), (12, 1), (17, 2), (26, 1), (31, 1), (34, 1), (37, 1), (44, 1), (47, 1), (52, 1), (55, 1)]
[(7, 2), (11, 1), (15, 1), (19, 1), (23, 1), (33, 1), (38, 1)]
[(4, 1), (16, 3), (24, 1), (26, 1), (62, 1)]
[(11, 2), (25, 2), (36, 1), (61, 1)]
[(15, 1), (19, 1), (23, 1), (28, 1), (54, 1)]
[(3, 1), (18, 1), (30, 1)]
[(46, 1)]
[(26, 1)]
[]
[]
[]
[]
[]
[]
[]
[(3, 1), (26, 1)]
[]
[]
[]
[]
[]
[(35, 2), (51, 1)]
[(4, 1)]
[(4, 1), (15, 1)]
[(6, 1)]
[(18, 1), (43, 1)]
[(25, 2), (51, 1)]
[(24, 1), (35, 1)]
[(19, 1)]
[(16, 1), (26, 1)]
[(11, 1), (46, 1), (61, 1)]
[]
[(17, 1), (43, 1)]
[(46, 1)]
[(16, 1), (36, 1)]
[(17, 1)]
[(18, 1)]
[]
[]
[(23, 1)]
[(43, 1)]
[(37, 1)]
[(36, 1)]
[]
[(60, 1)]
[(14, 1)]
[(16, 1)]
[(19, 1), (22, 1), (36, 1)]
[(17, 2), (23, 1), (26, 1), (31, 1), (36, 1), (61, 1)]
[(11, 1), (13, 1), (33, 1), (43, 1)]
[(13, 1), (17, 2), (22, 1), (30, 2), (43, 1), (51, 1)]
[(3, 1), (11, 1), (23, 1), (25, 1), (45, 1), (53, 1)]
[(22, 2), (30, 2), (60, 1)]
[(5, 1), (13, 1), (21, 1), (23, 1), (27, 1), (29, 3), (33, 1), (39, 1)]
[(11, 1), (24, 2), (29, 3), (33, 1), (38, 2)]
[(2, 1), (18, 1), (26, 1), (29, 1), (34, 1), (36, 1)]
[(16, 2), (25, 1), (29, 1), (31, 1), (37, 2)]
[(8, 2), (12, 1), (18, 1), (29, 2), (34, 2), (59, 1)]
[(8, 3), (17, 2), (20, 1), (26, 1), (30, 1), (36, 2), (44, 1)]
[(2, 1), (10, 1), (12, 1), (20, 2), (36, 2), (44, 1)]
[(6, 2), (21, 1), (29, 1), (37, 1)]
[(6, 2), (34, 1), (36, 1), (38, 1), (59, 1)]
[(31, 1), (34, 1), (38, 1)]
[(31, 1), (33, 1)]
[(30, 1), (53, 1)]
[(26, 1), (35, 2)]
[(25, 1), (31, 1), (33, 1)]
[]
[(37, 1), (53, 1)]
[(30, 1)]
[(24, 2)]
[(30, 1)]
[(36, 1)]
[(30, 1)]
[(2, 1), (25, 1), (29, 1), (37, 1)]
[(2, 1), (24, 1), (30, 1)]
[]
[(10, 1), (16, 1), (18, 1)]
[(18, 1), (36, 1)]
[(10, 1), (23, 1), (26, 1), (30, 1)]
[]
[(23, 1)]
[(9, 2), (18, 1)]
[(9, 1)]
[(18, 1)]
[(23, 1), (30, 2)]
[(21, 1), (23, 1)]
[(21, 1)]
[(16, 1)]
[]
[]
[]
[]
[(25, 1), (30, 1)]
[]
[(31, 1)]
[]
[(21, 1)]
[(24, 1)]
[(18, 1)]
[(5, 1), (26, 1)]
[(21, 1)]
[(5, 1), (13, 1), (23, 1)]
[(23, 1), (29, 1)]
[(24, 1), (30, 1)]
[(18, 1)]
[]
[(14, 1), (18, 1), (25, 1)]
[(14, 1)]
[]
[(21, 1)]
[]
[(31, 1)]
[(23, 1)]
[]
[(23, 1)]
[]
[(21, 1)]
[(18, 1)]
[(22, 1)]
[(24, 1)]
[]
[(22, 1), (31, 1)]
[(30, 1), (53, 1)]
[(25, 1)]
[]
[(37, 1)]
[]
[]
[(18, 1), (21, 1), (23, 1)]
[]
[(45, 1)]
[(16, 1), (37, 1), (59, 2)]
[]
[]
[(53, 1)]
[]
[(23, 1)]
[(16, 1)]
[(1, 1)]
[(6, 1)]
[(53, 1)]
[(23, 1)]
[]
[]
[(16, 1)]
[]
[]
[]
[]
[]
[]
[]
[(37, 1)]
[(1, 1), (6, 1)]
[(9, 1), (14, 1)]
[]
[(36, 1), (39, 1)]
[(16, 1), (23, 1), (32, 1)]
[(8, 1), (33, 1), (38, 1)]
[(1, 1), (6, 1), (9, 1), (14, 2), (18, 1), (21, 1), (24, 1), (31, 1), (33, 1), (36, 1), (38, 1)]
[(8, 1)]
[(0, 15), (16, 15), (31, 15), (46, 15), (61, 3)]
[(36, 1)]
[]
[]
[(18, 1)]
[(36, 1)]
[(7, 1), (18, 1)]
[]
[(0, 1)]
[(34, 1)]
[]
[(35, 1)]
[(24, 1)]
[(36, 1)]
[]
[(47, 1)]
[]
[(18, 1), (38, 1), (40, 1)]
[(33, 1)]
[(24, 1), (39, 1), (47, 1)]
[(21, 1), (32, 1), (61, 1)]
[(53, 1)]
[(25, 1)]
[(30, 1), (40, 1), (45, 1), (58, 1)]
[(47, 1), (62, 1)]
[(32, 1), (39, 2)]
[(30, 1), (34, 1), (43, 1)]
[(0, 1), (7, 1), (25, 1), (29, 1), (37, 1), (44, 1), (58, 1)]
[(27, 2), (38, 1), (46, 1), (54, 1)]
[(26, 1), (33, 2), (37, 1), (45, 1), (53, 1)]
[(39, 3), (43, 2), (47, 1), (53, 1)]
[(10, 1), (32, 1)]
[(58, 1)]
[(0, 1), (32, 1), (39, 1), (53, 1), (58, 1)]
[(7, 1), (13, 1), (33, 1), (38, 1), (40, 2), (47, 1), (53, 1)]
[(9, 2)]
[(2, 1), (5, 1), (13, 1), (41, 2)]
[(14, 1), (52, 1)]
[(17, 1)]
[(22, 1), (39, 1), (52, 1), (54, 2), (63, 1)]
[(32, 1), (48, 2), (54, 1), (62, 1)]
[(40, 1), (47, 1), (61, 1)]
[(50, 1), (60, 1)]
[(48, 1), (53, 1), (60, 1)]
[(49, 1), (54, 1)]
[(1, 1), (8, 1)]
[(15, 1), (40, 1), (47, 1), (55, 1), (62, 1)]
[(6, 1), (16, 1), (48, 2), (54, 2), (57, 2), (61, 1)]
[(23, 1), (32, 1), (39, 1), (56, 1)]
[(1, 1), (6, 1)]
[]
[]
[]
[]
[]
[]
[(0, 1)]
[(0, 1)]
[(27, 4)]
[(26, 1), (31, 1)]
[(25, 1), (31, 1), (39, 1)]
[(24, 1), (31, 1), (39, 1)]
[(31, 1)]
[(39, 1)]
[(30, 1), (38, 2)]
[(30, 1), (38, 1)]
[]
[(38, 1)]
[(30, 1), (38, 2)]
[(23, 1), (37, 1)]
[(37, 1)]
[(7, 1), (15, 1), (37, 1)]
[(38, 1)]
[(22, 1), (54, 1)]
[(5, 1), (37, 1), (54, 1)]
[(6, 1), (14, 1), (23, 1), (31, 1), (39, 1), (63, 1)]
[(7, 1), (15, 1), (34, 2), (63, 1)]
[(7, 1), (36, 2), (55, 1)]
[(7, 1)]
[(12, 1)]
[(15, 1), (22, 1), (29, 1), (38, 1), (55, 1), (62, 1)]
[(13, 1), (21, 1), (30, 1), (62, 1)]
[(4, 1), (15, 1), (55, 1), (63, 1)]
[(12, 1)]
[(3, 1), (12, 1), (14, 1)]
[(6, 1), (54, 1), (63, 1)]
[(3, 1), (12, 1), (24, 1)]
[(16, 1), (32, 1)]
[(12, 1)]
[(19, 1), (55, 1)]
[(21, 1)]
[(11, 1), (29, 1), (32, 1), (61, 1)]
[(24, 1)]
[(3, 1), (16, 1)]
[(11, 1)]
[(21, 1), (37, 1)]
[(11, 1), (20, 1), (54, 1)]
[(28, 1)]
[(13, 1), (60, 1)]
[(61, 1)]
[]
[]
[]
[]
[(35, 1), (60, 1)]
[(13, 1), (34, 1), (37, 1)]
[]
[(11, 1), (37, 1)]
[(11, 1), (13, 1), (60, 1)]
[(21, 1)]
[(5, 1), (11, 1), (19, 1), (42, 1)]
[(4, 1), (42, 1), (58, 1)]
[(3, 1), (11, 1), (19, 1), (28, 1), (44, 1)]
[(28, 1), (43, 1), (57, 2)]
[(4, 1), (28, 1), (35, 1), (44, 1), (49, 1), (57, 1)]
[(20, 1), (27, 1), (36, 1), (48, 2), (60, 1)]
[(4, 1), (40, 1), (48, 1), (61, 1)]
[(18, 1), (40, 1)]
[(12, 1)]
[]
[(18, 1), (62, 1)]
[(26, 1)]
[]
[(26, 1), (35, 1), (46, 1), (57, 1)]
[(43, 1), (46, 1), (51, 1)]
[(43, 1), (54, 1), (57, 1)]
[(26, 1), (35, 1), (50, 1)]
[(11, 1)]
[(11, 1), (50, 1)]
[]
[(26, 1), (51, 1), (54, 1)]
[(28, 1)]
[(36, 1)]
[(20, 1), (28, 1), (52, 1)]
[(12, 1), (52, 1)]
[]
[(28, 1), (60, 1)]
[]
[(60, 1)]
[(12, 1), (54, 1)]
[(28, 1)]
[(12, 1), (54, 1), (62, 1)]
[(12, 1), (20, 1), (36, 1), (62, 1)]
[(36, 1)]
[]
[(6, 1), (62, 1)]
[(6, 1), (28, 1), (36, 1), (44, 1)]
[(44, 1), (61, 2)]
[(28, 1), (42, 1)]
[(37, 1), (42, 1), (51, 2), (62, 1)]
[(37, 1), (52, 2), (61, 1)]
[(53, 2), (61, 1)]
[(39, 1), (44, 2), (54, 1), (60, 1)]
[(17, 1), (30, 1), (39, 1)]
[(30, 1), (37, 1), (53, 1)]
[(17, 1), (28, 1), (37, 1), (45, 1), (53, 1), (60, 1)]
[(28, 1), (36, 1)]
[(17, 1), (36, 1), (43, 1)]
[(17, 1), (43, 1), (51, 1)]
[(36, 1), (43, 1)]
[(12, 1)]
[(20, 1), (43, 1), (45, 1)]
[(43, 1), (52, 1), (54, 1)]
[(36, 1), (62, 1)]
[(20, 1), (45, 1), (54, 1)]
[(3, 1), (18, 1)]
[(4, 1), (13, 1), (44, 2)]
[(46, 1), (63, 1)]
[(13, 1), (27, 1), (55, 1), (62, 1)]
[(9, 1), (18, 1), (28, 1), (37, 1), (45, 1), (55, 1)]
[(27, 1), (37, 1), (46, 1), (63, 1)]
[(26, 1), (36, 1), (44, 1)]
[(28, 1), (37, 2), (44, 1), (47, 1)]
[(9, 1), (20, 1), (28, 1), (47, 1)]
[(10, 1), (26, 1), (29, 1)]
[(0, 1)]
[(44, 1)]
[(44, 1), (51, 1)]
[(8, 1)]
[(0, 1), (38, 1)]
[(1, 1), (29, 1), (37, 1)]
[(10, 1), (25, 1), (28, 1)]
[(24, 1), (62, 1)]
[(13, 1), (62, 1)]
[]
[(25, 1), (29, 1)]
[(39, 1)]
[]
[]
[]
[(60, 1)]
[(39, 1)]
[(16, 1), (18, 1), (32, 1)]
[(1, 1), (8, 1), (13, 1), (16, 1), (18, 1), (24, 1), (32, 1), (43, 1)]
[(2, 1), (10, 1), (17, 1), (28, 2), (34, 1), (36, 1), (39, 1), (46, 2), (52, 1), (54, 2), (62, 2)]
[(4, 1), (10, 1), (17, 1), (20, 2), (30, 2), (34, 1), (37, 2), (45, 1), (52, 2), (61, 1)]
[(2, 1), (4, 1), (29, 1), (36, 1), (44, 1), (59, 1)]
[(3, 1), (5, 1), (7, 1), (11, 1), (13, 1), (15, 1), (19, 2), (23, 1), (42, 1), (63, 1)]
[(4, 1), (6, 2), (12, 1), (14, 2), (18, 2), (22, 2), (26, 1), (34, 1), (39, 1), (50, 1), (54, 2), (58, 1)]
[(13, 2), (25, 1), (31, 1), (39, 1), (46, 1), (63, 1)]
[(13, 2), (17, 1), (33, 1), (38, 1), (41, 1), (45, 1), (62, 2)]
[(13, 1), (37, 2), (44, 2), (47, 1), (53, 1), (61, 1)]
[(5, 1), (29, 1), (39, 1), (44, 2), (54, 1)]
[(4, 1), (20, 2), (29, 1), (38, 1), (54, 1), (58, 1)]
[(6, 1), (29, 2), (38, 2), (41, 1), (60, 1)]
[(14, 1), (20, 1), (22, 1)]
[(21, 1), (39, 1), (44, 1), (50, 1), (59, 1)]
[(10, 1), (22, 1), (30, 1), (37, 1), (39, 1), (52, 1)]
[(0, 1), (8, 1), (11, 1), (16, 1), (38, 2), (45, 1)]
[(16, 1), (21, 1), (29, 1), (33, 1), (37, 1), (44, 2), (52, 1)]
[(15, 1), (29, 1), (39, 1), (45, 1)]
[(0, 1), (4, 1), (7, 2), (23, 1), (39, 1), (42, 1), (45, 1)]
[(7, 1), (22, 1), (30, 1), (61, 1)]
[(15, 1), (21, 1), (23, 1), (61, 1)]
[(29, 1), (42, 1), (54, 1)]
[(21, 1), (31, 1), (54, 1)]
[(9, 1), (12, 1), (21, 1), (33, 1)]
[(31, 1)]
[(15, 1)]
[(0, 2), (4, 1), (15, 2), (29, 1)]
[(8, 1), (24, 1), (29, 1), (41, 1), (50, 1)]
[(0, 1), (4, 1), (21, 1), (29, 2), (32, 1), (37, 1), (52, 1)]
[(21, 1), (37, 1), (40, 1), (44, 1), (58, 1)]
[(0, 1), (3, 1), (12, 1), (21, 1), (36, 1), (44, 1), (49, 1)]
[(2, 2), (28, 1), (30, 1), (35, 1), (43, 2), (48, 1), (51, 1), (57, 1)]
[(2, 1), (11, 1), (19, 2), (27, 1), (56, 1), (58, 1)]
[(10, 1), (42, 1), (50, 1)]
[(2, 1), (10, 1), (42, 1), (49, 1), (57, 1)]
[(16, 1), (40, 1), (48, 2), (56, 1)]
[(3, 2), (32, 1), (35, 1), (40, 1), (50, 1)]
[(4, 1), (7, 2), (11, 1), (27, 1), (40, 1), (43, 1)]
[(7, 1), (19, 1), (24, 1)]
[(19, 1)]
[(8, 1), (40, 1)]
[(35, 1), (43, 1)]
[(16, 1)]
[(58, 1)]
[]
[(57, 2)]
[(24, 1), (27, 1), (32, 1), (48, 1)]
[]
[]
[(57, 1)]
[(11, 1)]
[]
[(11, 1)]
[]
[(48, 1)]
[]
[(16, 1), (32, 1), (57, 1)]
[(19, 1)]
[(0, 1), (8, 1), (24, 1), (27, 1)]
[(35, 1), (57, 1)]
[(47, 1)]
[(47, 1)]
[(40, 1)]
[(43, 1)]
[]
[]
[(51, 1)]
[(58, 1)]
[]
[]
[(4, 1)]
[(17, 1)]
[]
[(12, 1), (59, 1)]
[(33, 1), (49, 1)]
[(59, 1)]
[(28, 1), (41, 1), (58, 1)]
[(25, 1)]
[]
[]
[(4, 1), (12, 1), (17, 1), (41, 1)]
[(33, 1), (49, 1)]
[(25, 1), (58, 1)]
[(28, 1)]
[(3, 1)]
[(3, 1), (58, 1)]
[]
[]
[(4, 1), (12, 1), (20, 1), (60, 1)]
[(51, 1), (60, 1)]
[(0, 1)]
[(19, 1)]
[(8, 1), (35, 1)]
[(40, 1), (43, 1)]
[(16, 1), (58, 1)]
[]
[(11, 1), (27, 1)]
[(11, 1), (13, 1), (19, 1), (24, 1), (58, 1)]
[(23, 1), (32, 1), (48, 1)]
[(23, 1)]
[(5, 1)]
[(21, 1)]
[]
[(6, 1)]
[(21, 1)]
[(19, 1), (44, 1), (48, 1)]
[(20, 1)]
[(44, 1)]
[(16, 1), (32, 1), (37, 1)]
[(12, 2), (19, 1), (37, 1)]
[(0, 1), (6, 1), (8, 1), (29, 1)]
[(24, 1), (27, 1), (29, 1), (35, 1), (38, 1)]
[(5, 1), (38, 1)]
[(40, 1)]
[(5, 1), (63, 1)]
[(6, 1), (12, 1), (43, 1), (63, 1)]
[(13, 1)]
[]
[(37, 1), (51, 1)]
[(58, 1)]
[]
[(37, 1)]
[(17, 1)]
[]
[(13, 1)]
[(49, 1)]
[(6, 1), (33, 1)]
[(6, 1), (58, 1)]
[(13, 1), (28, 1), (41, 1)]
[(25, 1)]
[]
[(41, 1)]
[(25, 1), (33, 1), (49, 1)]
[(17, 1), (28, 1)]
[]
[(27, 1)]
[(27, 1)]
[(51, 1)]
[(12, 2), (27, 1), (35, 1), (58, 1)]
[(6, 1), (16, 1), (22, 1), (27, 1), (37, 1)]
[(6, 1), (16, 1), (22, 1), (27, 1), (37, 1)]
[(12, 2), (35, 1)]
[(0, 1), (16, 1), (43, 1), (58, 1)]
[(19, 1), (35, 1)]
[(8, 1), (43, 1)]
[(16, 1)]
[(16, 1), (40, 1)]
[(32, 1)]
[(48, 1)]
[(24, 1), (43, 1)]
[(13, 1)]
[(6, 1), (11, 2), (26, 1), (37, 1)]
[(26, 1)]
[]
[(11, 2), (26, 1), (50, 1)]
[(13, 1)]
[(50, 1)]
[(26, 1)]
[(6, 1), (43, 1)]
[(16, 1)]
[(32, 1), (48, 1)]
[(8, 1), (24, 1)]
[(0, 1), (16, 1), (40, 1), (43, 1), (58, 1)]
[(1, 1), (13, 1), (37, 1), (59, 1)]
[(1, 1), (12, 1), (16, 1), (43, 1), (59, 1)]
[(6, 1)]
[(6, 1), (19, 1), (58, 1)]
[(12, 2), (35, 1)]
[]
[]
[]
[]
[(14, 1)]
[]
[(51, 1)]
[(27, 1)]
[(14, 1)]
[(12, 2), (27, 1)]
[(12, 1), (25, 1)]
[(27, 1), (33, 1)]
[(13, 2), (17, 1), (49, 1)]
[(20, 1), (33, 1)]
[(21, 1)]
[]
[(17, 1), (49, 1), (51, 1)]
[(25, 1), (27, 1)]
[]
[(21, 1), (35, 1), (58, 1)]
[(20, 1)]
[(14, 1)]
[]
[(12, 2)]
[]
[(0, 1), (12, 2)]
[(20, 1), (58, 1)]
[]
[(8, 1), (19, 1), (40, 1)]
[]
[(16, 1)]
[(32, 1), (43, 1), (48, 1)]
[(20, 1), (24, 1)]
[]
[(13, 1), (26, 1), (50, 1)]
[(6, 1), (11, 2), (26, 1)]
[(3, 3), (26, 1), (34, 1), (57, 1)]
[(3, 3), (18, 1), (44, 1)]
[(11, 2), (57, 1)]
[(13, 1), (17, 1), (44, 1)]
[]
[(13, 1), (17, 1)]
[(17, 1)]
[]
[(11, 2)]
[(56, 1)]
[(3, 3)]
[(10, 1), (17, 1), (42, 1)]
[(49, 1)]
[(56, 1)]
[(2, 1), (9, 1)]
[]
[(41, 1)]
[]
[(9, 1), (48, 1)]
[(1, 1), (9, 1)]
[]
[(0, 1), (17, 1), (41, 1)]
[(0, 1), (9, 1), (25, 1)]
[(9, 1)]
[]
[]
[]
[(33, 1), (40, 2)]
[]
[(0, 1), (35, 1)]
[(8, 1), (32, 1)]
[(16, 1), (24, 1)]
[]
[]
[]
[]
[]
[(27, 2)]
[]
[]
[]
[(28, 1), (36, 1)]
[]
[]
[(35, 1)]
[]
[(19, 1)]
[(44, 1)]
[]
[]
[(28, 1), (44, 1)]
[(19, 2), (35, 2)]
[(27, 1), (43, 1)]
[]
[]
[]
[]
[]
[(43, 1)]
[(20, 2), (36, 1)]
[(27, 1), (29, 1), (42, 1)]
[]
[(21, 1), (34, 1), (42, 1)]
[]
[]
[]
[]
[(26, 1), (37, 1)]
[]
[]
[(34, 1)]
[(29, 1)]
[]
[]
[]
[]
[]
[(34, 1)]
[(34, 2)]
[(19, 1), (26, 1)]
[(37, 1)]
[(35, 1)]
[]
[]
[]
[(35, 1)]
[(35, 1)]
[(20, 1)]
[]
[(36, 1)]
[]
[(35, 2)]
[(44, 1)]
[]
[]
[(29, 1)]
[(26, 1)]
[(21, 1)]
[]
[(36, 1), (44, 1)]
[]
[]
[]
[(28, 1)]
[]
[(25, 1)]
[]
[]
[(18, 1)]
[]
[(36, 1)]
[(30, 1)]
[]
[]
[(24, 1)]
[(28, 1)]
[(17, 1), (52, 1)]
[]
[(13, 1)]
[(52, 1)]
[(39, 1), (53, 1)]
[(16, 1), (22, 1), (44, 1), (53, 1), (60, 1)]
[(12, 1), (38, 1), (51, 1)]
[(43, 1), (59, 1)]
[(31, 1), (43, 1), (51, 1), (60, 2)]
[(11, 1), (36, 1), (52, 1), (59, 1), (61, 1)]
[(36, 2), (60, 1)]
[]
[(10, 1)]
[(14, 1), (43, 1), (47, 1), (50, 1), (58, 1)]
[(9, 1), (35, 1), (51, 1)]
[(34, 1), (50, 1), (58, 1)]
[]
[(8, 1), (14, 1), (33, 1), (59, 1)]
[(32, 1), (46, 1)]
[(2, 1)]
[(1, 1), (32, 1), (46, 1)]
[]
[(0, 1), (33, 1)]
[(34, 1)]
[(3, 1), (23, 1), (35, 1), (50, 1)]
[]
[(14, 1), (42, 1), (47, 1), (59, 1)]
[(57, 1)]
[(49, 2)]
[(37, 1)]
[(4, 2), (15, 1), (24, 1), (42, 1)]
[(6, 1), (25, 1), (35, 1)]
[(26, 1), (34, 1), (38, 1), (41, 1), (51, 1)]
[(27, 1)]
[(34, 1)]
[(7, 1), (39, 1), (57, 1), (59, 1)]
[(26, 2), (29, 1), (33, 1), (59, 1)]
[(16, 2), (26, 1), (43, 1)]
[(18, 1), (30, 1), (33, 1), (49, 1)]
[(18, 2), (61, 1)]
[(19, 1), (25, 1), (31, 1), (51, 1), (63, 1)]
[(21, 1), (25, 2), (41, 1)]
[(8, 2), (61, 3)]
[(10, 1), (17, 1), (22, 1), (51, 1), (61, 2)]
[(17, 1), (48, 1), (53, 1), (59, 1), (61, 1)]
[(10, 1), (23, 1), (35, 1), (40, 1), (43, 1), (55, 1), (60, 1)]
[(0, 1), (13, 1), (53, 3), (60, 1)]
[(1, 1), (14, 1), (26, 1), (32, 1), (53, 2)]
[(43, 1), (45, 1), (53, 1), (58, 1)]
[(1, 1), (15, 1), (35, 1), (47, 1), (51, 1), (58, 1)]
[(5, 1), (18, 1), (24, 1), (27, 1), (45, 3), (52, 1), (57, 1)]
[(1, 1), (6, 1), (37, 1), (45, 2), (52, 1)]
[(57, 1)]
[(7, 1), (10, 1), (16, 1), (39, 1), (43, 1), (45, 1), (50, 1), (56, 1), (59, 1)]
[(19, 1), (35, 1), (37, 1), (50, 1), (56, 1), (60, 1)]
[(27, 1), (38, 2), (44, 1), (49, 1)]
[(29, 1)]
[(0, 1), (37, 2), (44, 1)]
[(8, 1), (49, 1)]
[]
[(31, 1), (37, 1)]
[(42, 1)]
[(29, 1), (51, 1)]
[]
[(0, 1), (27, 1)]
[(11, 1), (42, 1)]
[(2, 1), (30, 1)]
[(35, 1)]
[(31, 1), (35, 1)]
[(35, 1), (48, 1)]
[]
[(35, 1)]
[]
[(35, 1)]
[]
[]
[(31, 1)]
[(41, 1)]
[]
[]
[]
[]
[]
[(31, 1)]
[(41, 1), (51, 1)]
[(30, 1)]
[(29, 1)]
[(37, 1)]
[]
[(5, 1), (8, 1)]
[(38, 1), (42, 1)]
[]
[(11, 1)]
[]
[(13, 1)]
[(37, 1)]
[(2, 1)]
[]
[(37, 1)]
[]
[]
[(1, 1)]
[]
[(30, 1), (40, 1)]
[(9, 1), (11, 1), (16, 1), (37, 1), (41, 1)]
[(21, 1), (35, 1), (37, 1), (51, 1)]
[(20, 1), (24, 1), (28, 1), (32, 1)]
[(2, 1), (28, 1), (33, 1), (42, 1)]
[(6, 1), (17, 1), (25, 1), (30, 2), (39, 1), (45, 1), (53, 1)]
[(3, 1), (12, 1), (39, 1), (43, 1)]
[(1, 1), (14, 1), (28, 1), (30, 1), (43, 1)]
[(22, 1), (31, 1), (36, 1), (52, 1)]
[(4, 1), (39, 1), (49, 1)]
[(2, 1), (7, 1), (13, 1), (46, 1), (54, 1)]
[(31, 1), (42, 2)]
[(9, 1), (15, 1), (21, 1), (23, 1), (29, 1)]
[(5, 1), (10, 1), (34, 1), (37, 1), (41, 1), (49, 2), (62, 1)]
[(14, 1), (17, 2), (25, 2), (33, 1), (55, 1)]
[(44, 1), (47, 1), (53, 1), (62, 2)]
[]
[(6, 1), (22, 1), (30, 1), (45, 1), (51, 1)]
[(15, 1), (23, 1), (38, 1)]
[(3, 1), (23, 1)]
[(2, 1), (7, 1), (43, 1), (46, 1), (52, 1), (54, 1)]
[(58, 1)]
[(11, 1), (31, 1), (35, 1), (39, 1), (52, 2)]
[(19, 1), (23, 1), (27, 1), (59, 1), (63, 1)]
[(47, 1), (53, 3), (58, 1)]
[(54, 2), (60, 1)]
[(55, 1), (61, 1)]
[(62, 1)]
[(10, 1), (52, 1), (61, 1), (63, 1)]
[(62, 2)]
[(4, 1), (12, 1), (28, 1), (36, 1), (44, 1)]
[(20, 1), (50, 1)]
[]
[(18, 1), (61, 1)]
[(5, 1), (13, 1), (26, 1), (37, 1), (42, 1), (45, 1), (53, 1)]
[(21, 1), (29, 1), (34, 1)]
[(62, 1)]
[(6, 1), (14, 1), (22, 1), (30, 1), (38, 1), (46, 1), (54, 1)]
[]
[(63, 1)]
[(55, 1)]
[(3, 1), (7, 1), (15, 1), (23, 1), (31, 1), (39, 1), (47, 1)]
[(11, 1), (19, 1), (27, 1), (35, 1), (43, 1), (51, 1), (59, 1)]
[]
[]
[]
[]
[]
[]
[]
[]
[]
[]
[]
[]
[(3, 1)]
[(4, 1)]
[]
[]
[]
[(11, 1)]
[(12, 1)]
[]
[]
[]
[]
[(19, 2)]
[]
[]
[(27, 1)]
[(28, 1)]
[]
[]
[]
[(35, 1)]
[(36, 1)]
[]
[]
[]
[]
[]
[]
[]
[(43, 2)]
[]
[]
[]
[]
[]
[]
[]
[]
[]
[]
[]
[]
[]
[]
[]
[]
[]
[]
[]
[]
[]
[]
[]
[]
[]
[]
[(43, 1)]
[]
[]
[]
[]
[(11, 1)]
[(43, 1)]
[(27, 1)]
[]
[(21, 1)]
[(11, 1)]
[(21, 1)]
[]
[(43, 1)]
[(11, 1)]
[(11, 1), (27, 1)]
[(19, 1)]
[(11, 1), (21, 1)]
[(11, 1), (27, 1)]
[(11, 1), (21, 1), (28, 2), (44, 1)]
[(28, 1), (35, 1)]
[(29, 1), (35, 1)]
[(3, 1), (27, 1)]
[(29, 1), (35, 2)]
[(19, 1), (21, 1), (27, 1)]
[(11, 1), (21, 1), (27, 1)]
[(29, 1), (36, 1)]
[(3, 1), (36, 1)]
[(28, 1)]
[(12, 1)]
[(12, 1), (51, 1)]
[(43, 1)]
[]
[]
[]
[]
[(20, 1)]
[(12, 1), (35, 1)]
[]
[(4, 1)]
[]
[]
[]
[]
[]
[]
[]
[]
[]
[]
[]
[]
[]
[]
[]
[(27, 1)]
[(3, 1), (11, 1), (19, 1), (27, 1), (35, 1), (43, 1), (51, 1), (59, 1)]
[(27, 1), (43, 1)]
[(10, 1), (35, 1), (51, 1)]
[]
[(10, 1), (18, 1)]
[(2, 1), (18, 1)]
[(10, 1), (35, 1)]
[(2, 1), (43, 1)]
[]
[(4, 1), (10, 1), (12, 1), (36, 1), (43, 1), (51, 1)]
[(12, 1), (28, 1), (36, 1), (44, 1), (51, 1)]
[(4, 1), (44, 1)]
[(12, 1), (20, 1)]
[]
[(20, 1), (36, 1), (43, 1)]
[(12, 1), (36, 1)]
[(36, 1)]
[(2, 1), (28, 1), (36, 1), (42, 1)]
[(20, 1)]
[(10, 1), (36, 2)]
[(37, 1)]
[(20, 1), (34, 1), (36, 1)]
[(18, 1), (26, 1), (33, 1), (35, 1)]
[(3, 1), (32, 1), (35, 1)]
[(19, 1), (41, 1)]
[(2, 1), (20, 1), (41, 1), (51, 1)]
[(2, 2), (20, 1), (27, 1), (35, 1), (40, 1)]
[(20, 1), (35, 2), (40, 1), (42, 1)]
[(19, 2), (28, 1), (33, 1), (42, 1)]
[(2, 1), (11, 1), (18, 3), (26, 1), (33, 1), (35, 1), (43, 2), (51, 1), (59, 1)]
[(3, 2), (10, 1), (20, 2), (36, 1), (42, 1), (51, 2)]
[(12, 1), (20, 2), (28, 2), (36, 2), (43, 1)]
[(3, 1), (19, 1), (21, 1), (27, 2), (43, 1), (45, 1)]
[(4, 2), (11, 3), (20, 1), (28, 1), (36, 3), (43, 2), (53, 1), (60, 1)]
[(30, 1), (32, 1), (37, 1), (44, 1)]
[(4, 3), (12, 3), (20, 3), (29, 3), (37, 3), (45, 2), (54, 1), (61, 1)]
[(28, 3), (33, 1), (38, 2)]
[(5, 3), (13, 3), (21, 3), (30, 2), (38, 2), (45, 3), (55, 1), (62, 1)]
[(6, 1), (22, 1), (30, 2), (34, 1), (46, 1)]
[(7, 1), (14, 2), (23, 1), (31, 1), (39, 1), (47, 1), (63, 1)]
[(7, 1), (23, 1), (31, 1), (35, 1), (47, 1)]
[(15, 1), (36, 1)]
[]
[(37, 1)]
[]
[]
[]
[]
[(38, 2)]
[]
[]
[]
[(31, 1)]
[(30, 1)]
[]
[(23, 1), (31, 1)]
[]
[]
[(15, 1), (22, 1)]
[(29, 1)]
[]
[(7, 1), (14, 1), (21, 1), (23, 1)]
[]
[(6, 1), (30, 1), (37, 1)]
[(15, 1)]
[(7, 1), (13, 1), (36, 1)]
[(22, 1), (28, 1)]
[(5, 1), (44, 1)]
[(14, 1)]
[(6, 1), (20, 1)]
[(37, 1)]
[(4, 1), (12, 1), (21, 1)]
[(13, 1), (29, 1)]
[(5, 1)]
[(51, 1)]
[(35, 1)]
[(3, 1), (11, 1)]
[]
[]
[]
[(28, 1)]
[]
[]
[]
[(28, 1)]
[(27, 1)]
[(19, 1)]
[]
[]
[(27, 1), (43, 1)]
[]
[(27, 1)]
[]
[]
[]
[]
[]
[]
[]
[]
[(10, 1)]
[]
[]
[]
[]
[]
[]
[(10, 1)]
[(18, 1)]
[]
[]
[]
[]
[]
[]
[]
[]
[]
[(17, 2)]
[(17, 1)]
[]
[]
[]
[]
[]
[]
[]
[]
[]
[]
[]
[]
[(25, 1)]
[]
[]
[]
[]
[]
[]
[(19, 1)]
[]
[]
[]
[]
[]
[]
[]
[(25, 1)]
[]
[]
[]
[]
[(25, 1)]
[]
[]
[(19, 1)]
[]
[]
[]
[]
[(52, 1)]
[]
[]
[]
[]
[]
[(60, 1)]
[]
[]
[]
[]
[]
[(13, 1), (19, 1), (33, 1), (60, 1)]
[(19, 1)]
[]
[(13, 1)]
[(51, 1)]
[(19, 1)]
[(21, 1)]
[(19, 1), (59, 1)]
[]
[]
[]
[(26, 1)]
[(26, 1)]
[]
[]
[]
[(33, 1)]
[(59, 1)]
[]
[(22, 1)]
[(33, 1)]
[]
[(33, 1)]
[(22, 1)]
[]
[]
[]
[(33, 1)]
[]
[]
[]
[]
[]
[(22, 1)]
[]
[]
[]
[]
[]
[(22, 1), (33, 1)]
[(51, 1)]
[(33, 1)]
[(59, 1)]
[(30, 1)]
[]
[(22, 1)]
[]
[]
[]
[(33, 1)]
[(26, 1)]
[(22, 1), (25, 1), (59, 1)]
[]
[(21, 1), (30, 1), (38, 1)]
[(38, 1), (42, 1)]
[(34, 1)]
[(29, 1)]
[(37, 1)]
[(45, 1)]
[(34, 1)]
[(26, 1), (34, 1)]
[(29, 1), (50, 1)]
[(50, 1)]
[(53, 1)]
[]
[(50, 1)]
[]
[]
[]
[]
[(58, 1), (61, 1)]
[]
[(26, 1)]
[(29, 1)]
[]
[(60, 1)]
[(18, 1), (21, 1), (57, 1)]
[(33, 1), (46, 1), (59, 1)]
[(41, 1), (52, 1)]
[(10, 1), (13, 1), (49, 1), (57, 1)]
[(52, 1), (57, 1), (60, 1)]
[(38, 1), (54, 1), (62, 1)]
[(25, 1)]
[(2, 1), (5, 1), (30, 1), (47, 1)]
[(44, 1), (47, 1), (59, 1)]
[(17, 1), (40, 1), (44, 1), (60, 1), (63, 1)]
[(18, 1), (22, 1), (47, 2), (55, 1), (60, 1)]
[(18, 1), (24, 1), (51, 1)]
[(35, 1), (44, 1)]
[(9, 1), (14, 1), (32, 1), (36, 1), (39, 1), (60, 1)]
[(1, 1), (10, 1), (44, 1), (55, 2)]
[(6, 1), (35, 1), (39, 1), (44, 1), (51, 1), (63, 1)]
[(2, 1), (55, 1), (59, 1)]
[(5, 1), (10, 1), (31, 1), (36, 1), (39, 1), (44, 1), (52, 1)]
[(1, 1), (6, 1), (16, 1), (23, 1), (63, 1)]
[]
[(15, 1)]
[(5, 2), (20, 1), (60, 1)]
[(2, 1), (20, 1), (52, 1)]
[(1, 1), (60, 1)]
[(7, 1), (12, 1)]
[(0, 1), (8, 1), (12, 1)]
[]
[]
[]
[]
[]
[]
[]
[]
[]
[]
[]
[]
[]
[]
[]
[]
[]
[]
[]
[]
[]
[]
[]
[]
[]
[]
[]
[]
[]
[]
[]
[]
[]
[]
[]
[]
[]
[]
[(0, 1), (26, 1)]
[(26, 1)]
[(16, 1), (24, 1)]
[(2, 2), (32, 1), (40, 1)]
[(11, 1), (48, 1)]
[(3, 1), (19, 1), (50, 1), (56, 2)]
[(11, 1), (26, 2), (34, 1), (58, 1)]
[(3, 1), (19, 1), (35, 1), (42, 1)]
[(27, 1)]
[]
[(32, 1), (35, 1)]
[]
[(49, 1), (59, 1)]
[(24, 1), (59, 1)]
[(42, 1), (50, 1)]
[(24, 1), (48, 1)]
[(8, 1), (33, 1), (42, 1), (50, 1)]
[(11, 1)]
[]
[(3, 1), (11, 1), (24, 1)]
[(24, 1)]
[(33, 1)]
[]
[]
[(24, 1)]
[(18, 1), (26, 1)]
[(26, 1), (34, 1), (42, 1)]
[(8, 1), (50, 1)]
[(34, 1), (58, 1)]
[]
[(42, 1)]
[(50, 1)]
[(58, 1)]
[(8, 1)]
[(26, 1), (34, 1)]
[]
[(18, 1), (42, 1)]
[(50, 1)]
[(58, 1)]
[(3, 1), (11, 1), (18, 1), (26, 1)]
[(34, 1), (42, 1), (51, 1), (59, 1)]
[(3, 2), (49, 3), (57, 2)]
[(3, 1), (57, 1), (59, 1)]
[(19, 1), (49, 1)]
[(2, 1), (12, 1)]
[(27, 1)]
[(4, 1), (20, 1)]
[(7, 1), (28, 1), (35, 1), (49, 1)]
[(4, 1), (36, 1), (39, 1), (43, 1)]
[(31, 1), (39, 1), (51, 1), (59, 1)]
[(5, 1), (39, 1), (44, 1)]
[(13, 1), (21, 1), (47, 1), (52, 1), (55, 1)]
[(29, 1), (37, 1), (45, 1), (53, 1), (60, 4)]
[]
[]
[]
[]
[(39, 1)]
[]
[]
[(13, 1), (31, 1), (48, 1)]
[(21, 1), (31, 1)]
[(18, 1)]
[(23, 1), (38, 1)]
[]
[]
[(26, 1), (34, 1)]
[(38, 1)]
[(25, 1), (29, 1), (32, 1)]
[(25, 1)]
[(15, 1), (17, 1), (37, 1)]
[(6, 1), (24, 2), (39, 1), (49, 1)]
[(1, 1), (42, 1), (50, 1), (57, 1), (62, 1)]
[(1, 1), (5, 2), (15, 1), (45, 1), (53, 1), (57, 1), (62, 1)]
[(30, 1), (38, 1), (54, 1)]
[(0, 1), (39, 1)]
[(7, 1), (32, 1), (45, 1), (58, 1), (61, 1)]
[(24, 1), (45, 1), (47, 1)]
[(24, 1), (39, 1), (58, 1)]
[(22, 1), (61, 1)]
[(0, 1), (15, 1), (39, 1)]
[(9, 1), (19, 2), (24, 1), (27, 2), (38, 1), (43, 1)]
[(19, 1), (27, 2), (41, 1), (44, 1), (47, 1), (50, 1), (53, 1)]
[(14, 1), (20, 1), (25, 1), (30, 2), (46, 1), (59, 1)]
[(16, 1), (51, 2), (59, 1)]
[(17, 1), (22, 1), (32, 1)]
[]
[(22, 2), (39, 1)]
[(7, 1), (22, 3)]
[(9, 1), (14, 1), (23, 1), (31, 1), (33, 1), (38, 1)]
[(12, 1), (14, 1), (16, 1), (20, 1), (23, 1)]
[(9, 1), (11, 2)]
[(9, 1), (14, 1), (25, 1), (30, 1)]
[(7, 1), (14, 1), (22, 1)]
[(9, 1), (11, 1), (17, 1), (20, 1)]
[(12, 1)]
[(12, 1)]
[]
[(7, 1)]
[]
[(9, 1), (14, 1)]
[(22, 1)]
[]
[(17, 1)]
[]
[(9, 1), (59, 1)]
[(9, 1)]
[(53, 1)]
[(50, 1), (53, 1), (59, 1)]
[(53, 1)]
[(14, 1)]
[(1, 1), (17, 1), (27, 2), (53, 1), (59, 1)]
[(9, 1), (14, 1), (19, 2), (22, 1), (35, 2), (51, 1), (58, 1)]
[(14, 1), (59, 2)]
[]
[]
[]
[]
[]
[]
[]
[]
[(11, 2)]
[]
[]
[]
[(60, 1)]
[]
[]
[]
[]
[]
[]
[]
[]
[]
[(3, 2), (52, 1)]
[(3, 1), (6, 1)]
[(11, 1), (44, 1), (54, 1)]
[(1, 1)]
[(36, 1), (46, 1), (51, 1), (58, 1)]
[(54, 1), (58, 1)]
[(1, 1), (9, 1), (11, 1), (17, 1), (38, 1), (46, 1), (59, 1)]
[(25, 1), (55, 1)]
[(3, 1), (30, 1), (53, 1), (55, 1)]
[(33, 1), (44, 2), (47, 1), (53, 1), (58, 1)]
[(2, 1), (52, 1)]
[(22, 1), (39, 1), (41, 1), (47, 1), (60, 1)]
[(2, 1), (16, 1), (27, 1), (37, 1), (39, 1), (58, 1), (60, 1)]
[(24, 1), (28, 1), (60, 1)]
[(27, 1), (31, 1), (35, 2), (46, 1)]
[(14, 1), (31, 2), (45, 1), (49, 1)]
[(16, 1), (29, 1), (31, 1), (46, 1), (53, 1)]
[(23, 1), (31, 1), (37, 2)]
[(23, 1), (40, 1), (61, 1)]
[]
[(15, 1), (20, 2), (24, 1), (29, 2)]
[(15, 1), (22, 1), (35, 1), (42, 1)]
[(6, 2), (22, 1), (27, 2), (42, 1), (54, 1)]
[(20, 1), (22, 1), (32, 1), (36, 1), (38, 1), (46, 1), (48, 1)]
[(1, 1), (7, 1), (12, 3), (19, 1), (21, 1), (57, 1), (62, 1)]
[(30, 1), (40, 1), (51, 1)]
[(6, 1), (11, 1), (19, 1), (35, 1), (48, 1), (51, 1)]
[(12, 1), (14, 1), (28, 1), (36, 1)]
[(5, 1), (14, 1), (26, 2)]
[(11, 1), (13, 1), (18, 1), (22, 1)]
[(4, 2), (8, 1), (28, 1), (34, 1), (45, 1), (55, 1), (63, 1)]
[(1, 1), (5, 1), (16, 1), (24, 1), (26, 1), (35, 2), (39, 1), (43, 1), (45, 1), (47, 1), (57, 1), (62, 1)]
[(3, 1), (10, 1), (18, 1), (27, 1), (34, 1), (63, 1)]
[(8, 1), (43, 1)]
[(14, 1), (28, 1), (32, 1), (42, 1), (44, 1), (55, 1)]
[(4, 1), (27, 1), (31, 1), (35, 2)]
[(10, 1), (28, 1), (35, 1), (42, 1), (44, 1), (47, 1)]
[(2, 1), (16, 1)]
[(17, 1), (25, 1)]
[(4, 1), (14, 1), (25, 1), (31, 1), (40, 1), (54, 1)]
[(24, 1)]
[(17, 1), (22, 1), (39, 1), (46, 1), (57, 1)]
[(13, 1), (38, 1), (48, 1)]
[(1, 1), (24, 1), (30, 1), (61, 1)]
[(1, 1), (16, 1), (56, 1), (61, 1)]
[(21, 1)]
[(12, 1)]
[(29, 1), (61, 1)]
[(9, 1), (11, 1), (20, 1), (37, 1), (45, 1), (53, 1)]
[(10, 1)]
[(16, 1), (19, 1), (28, 1), (36, 1)]
[(17, 2), (27, 1), (44, 1), (52, 1), (60, 1)]
[]
[(7, 1), (26, 1), (35, 1)]
[(24, 2), (43, 1), (47, 1), (51, 1), (59, 1)]
[(15, 1), (34, 1)]
[(23, 1)]
[(31, 1), (33, 1), (39, 1), (42, 1)]
[(32, 1)]
[]
[]
[]
[(46, 1)]
[]
[(47, 1)]
[(6, 1), (14, 1), (31, 1)]
[(22, 2), (38, 1)]
[(30, 1)]
[]
[(31, 1)]
[(15, 1), (39, 1)]
[]
[]
[]
[(31, 1)]
[(5, 1), (7, 1), (45, 1)]
[]
[]
[]
[(46, 1)]
[(13, 1)]
[]
[]
[]
[]
[(21, 1)]
[]
[]
[(29, 1), (37, 1)]
[]
[(38, 1)]
[]
[]
[(14, 1)]
[]
[]
[(30, 1)]
[]
[]
[]
[(22, 1)]
[(6, 1)]
[]
[]
[(4, 1)]
[]
[]
[]
[(4, 1)]
[(20, 1)]
[]
[]
[(20, 1)]
[]
[(28, 1)]
[]
[(28, 1)]
[]
[(36, 1)]
[(4, 1)]
[]
[(35, 1)]
[]
[]
[]
[]
[]
[]
[]
[]
[]
[]
[]
[]
[]
[(35, 1)]
[]
[]
[]
[]
[]
[]
[]
[]
[]
[]
[]
[]
[]
[]
[(35, 1)]
[]
[]
[]
[]
[]
[]
[]
[]
[]
[]
[]
[]
[]
[]
[]
[]
[]
[]
[]
[]
[]
[]
[]
[]
[]
[]
[]
[]
[]
[(35, 1)]
[]
[]
[]
[(4, 1)]
[]
[(36, 1)]
[]
[]
[]
[]
[]
[(6, 1), (28, 1)]
[(28, 1)]
[(28, 1)]
[(28, 1)]
[]
[(14, 1)]
[(22, 1), (30, 1), (45, 1)]
[(37, 2), (46, 1)]
[(21, 1)]
[]
[]
[]
[(7, 1), (13, 1)]
[(29, 1)]
[]
[(15, 1)]
[(5, 1)]
[(31, 1)]
[(23, 1), (47, 1)]
[(22, 1), (46, 1)]
[(22, 1), (39, 1)]
[(14, 1), (38, 1)]
[(22, 1), (30, 1), (42, 1)]
[(6, 1)]
[]
[(47, 1), (59, 1)]
[(15, 1), (23, 1), (31, 1), (39, 1), (51, 1)]
[(7, 1)]
[]
[(40, 1), (43, 1)]
[]
[(60, 1)]
[(48, 1), (52, 1), (56, 1)]
[]
[(41, 1), (44, 1)]
[]
[(61, 1)]
[(49, 1), (53, 1)]
[(57, 1)]
[(42, 1), (45, 1)]
[]
[(62, 1)]
[(50, 1), (54, 1)]
[(58, 1)]
[]
[(43, 1), (46, 1)]
[(63, 1)]
[(51, 1), (55, 1)]
[(0, 1), (8, 1), (59, 1)]
[(16, 1), (24, 1)]
[(32, 1), (44, 1), (47, 1)]
[(40, 1)]
[(1, 1), (9, 1), (17, 1), (32, 1), (52, 1)]
[(0, 1), (8, 1), (16, 1), (24, 2), (33, 1), (40, 1), (60, 1)]
[(41, 1)]
[(45, 1)]
[(2, 1), (9, 2), (17, 2), (25, 2), (33, 1)]
[(1, 1), (34, 1), (41, 1)]
[(42, 1), (53, 1)]
[(61, 1)]
[(2, 2), (10, 2), (18, 2), (26, 2), (34, 1)]
[(35, 1), (42, 1), (46, 1)]
[(43, 1)]
[]
[]
[]
[(4, 1), (12, 1)]
[(20, 1), (35, 1)]
[(19, 1), (54, 1)]
[(11, 1), (28, 1)]
[(3, 1), (27, 1)]
[(43, 1)]
[]
[]
[(36, 1)]
[]
[]
[]
[]
[]
[]
[]
[]
[]
[]
[]
[]
[]
[]
[]
[]
[]
[]
[]
[]
[]
[]
[(11, 1), (62, 1)]
[]
[(11, 1)]
[(47, 1)]
[]
[]
[]
[(43, 2)]
[]
[(55, 1)]
[]
[]
[(63, 1)]
[]
[]
[(3, 1)]
[]
[]
[]
[]
[]
[]
[]
[]
[(3, 1), (19, 1)]
[(52, 1)]
[(43, 1)]
[]
[]
[]
[]
[(43, 1)]
[(5, 1)]
[(11, 1), (13, 1), (21, 1)]
[]
[(37, 1)]
[(29, 1), (45, 1)]
[]
[]
[]
[]
[]
[]
[]
[]
[]
[(19, 1)]
[]
[]
[(45, 1)]
[]
[(19, 1)]
[(29, 1), (37, 1)]
[(3, 1), (21, 1)]
[(13, 1), (51, 1)]
[(35, 1)]
[]
[]
[(13, 1), (27, 1), (51, 1)]
[(6, 1), (52, 1)]
[(2, 1), (37, 1)]
[(21, 1), (29, 1), (45, 1)]
[(2, 1), (10, 1), (14, 1), (43, 1)]
[(1, 2), (7, 1), (35, 1), (52, 1)]
[(0, 1), (9, 1), (18, 1), (35, 1), (38, 1), (46, 1), (53, 1)]
[(0, 1), (8, 1), (17, 1), (22, 1), (26, 1), (38, 1), (43, 1)]
[(0, 1), (16, 1), (18, 1), (46, 1)]
[(7, 1), (9, 1), (22, 1), (51, 1)]
[(0, 2), (8, 1), (18, 1), (29, 1), (34, 1), (45, 1), (53, 1)]
[(9, 1), (14, 1), (16, 2), (21, 1), (42, 1)]
[(8, 1), (37, 1)]
[(0, 2), (6, 1), (8, 2), (52, 1)]
[(0, 1), (9, 1), (13, 1), (17, 1), (25, 1), (33, 1), (51, 1)]
[(20, 1), (36, 1), (44, 1)]
[(5, 1), (28, 1)]
[(0, 1), (8, 1), (12, 1), (16, 1), (24, 1)]
[(11, 1), (32, 1), (35, 1), (43, 1)]
[(4, 1), (27, 1), (42, 1)]
[(19, 1)]
[(2, 2), (34, 1)]
[(18, 1), (26, 1)]
[(10, 1), (33, 1)]
[(6, 1), (17, 1), (25, 1), (32, 1)]
[(4, 2), (9, 1)]
[(1, 1), (13, 1), (24, 1)]
[(8, 1), (12, 1), (16, 1)]
[(0, 1)]
[(3, 1), (6, 1), (21, 1)]
[(11, 1), (20, 1)]
[(21, 1)]
[(2, 1), (19, 1)]
[(21, 1), (28, 1)]
[(5, 1), (13, 1), (21, 1), (29, 1), (36, 2)]
[(10, 1), (29, 1), (44, 2), (52, 1), (63, 1)]
[(35, 1), (44, 1), (52, 1)]
[]
[(20, 1), (27, 1), (37, 1), (44, 2)]
[(12, 1), (36, 1)]
[(1, 1), (36, 1), (55, 1)]
[(4, 1), (43, 2), (62, 1)]
[(35, 1), (43, 1)]
[(11, 1), (18, 1), (26, 1), (35, 2), (47, 1), (54, 1)]
[(9, 1), (28, 1)]
[(3, 1), (19, 1), (27, 1), (34, 2), (46, 1), (61, 1)]
[(9, 1), (34, 1), (39, 1), (53, 1)]
[(0, 1), (2, 1), (9, 1), (17, 1), (31, 1), (38, 1), (45, 1)]
[(10, 1), (18, 1), (25, 2), (30, 1), (37, 1), (52, 1), (60, 1)]
[(22, 2), (29, 1), (36, 1), (44, 1)]
[(8, 1), (15, 1), (21, 1), (25, 1), (28, 1), (43, 1), (51, 1), (59, 1)]
[(1, 1), (14, 1), (16, 2), (20, 1), (35, 1), (58, 1)]
[(6, 2), (9, 1), (13, 1), (27, 1), (42, 1), (50, 1)]
[(5, 1), (12, 1), (16, 1), (19, 1), (26, 1), (34, 1), (49, 1), (57, 1)]
[(4, 1), (8, 1), (11, 1), (18, 1), (33, 1), (41, 1)]
[(0, 1), (3, 1), (10, 1), (17, 1), (25, 1), (40, 1), (48, 1), (56, 1)]
[(2, 1), (9, 1), (24, 1), (32, 1)]
[(1, 1), (8, 1), (16, 1)]
[(0, 1)]
[]
[]
[]
[]
[]
[]
[]
[]
[]
[]
[]
[]
[]
[]
[]
[]
[]
[]
[]
[]
[]
[]
[]
[]
[]
[]
[]
[]
[]
[]
[]
[(1, 1), (6, 1)]
[]
[(9, 1), (14, 1)]
[]
[]
[]
[]
[]
[]
[(4, 1), (7, 1)]
[]
[(7, 1), (12, 1)]
[(23, 1)]
[(23, 1)]
[]
[(23, 1)]
[(0, 1)]
[]
[(0, 1), (23, 1)]
[(12, 1)]
[(4, 1)]
[]
[]
[]
[]
[(6, 1)]
[]
[(15, 1)]
[(12, 1), (22, 1)]
[(17, 1)]
[(0, 1), (20, 1)]
[]
[(4, 1), (14, 2), (20, 1)]
[(6, 1)]
[(12, 1), (23, 1)]
[(25, 1)]
[]
[(0, 1), (19, 1)]
[(4, 1), (8, 1), (14, 1), (19, 1), (22, 2)]
[(27, 1)]
[]
[(11, 1), (23, 1)]
[(22, 1), (31, 1)]
[(31, 1)]
[(8, 1), (25, 1), (30, 1)]
[(16, 1), (23, 1)]
[]
[(1, 1), (6, 1), (11, 1), (25, 1), (33, 1), (38, 1)]
[]
[]
[(4, 1)]
[(4, 1), (14, 1)]
[(16, 1)]
[(27, 1)]
[(4, 1), (20, 1)]
[(4, 1), (6, 1), (24, 1)]
[(25, 1)]
[(0, 2), (4, 1), (9, 1), (12, 1), (17, 1), (28, 1), (36, 1), (46, 1)]
[(1, 1), (25, 1), (33, 1)]
[(2, 1), (4, 1), (17, 1), (44, 1)]
[(4, 1), (18, 1)]
[(4, 1)]
[(17, 1), (37, 1)]
[(20, 1)]
[(1, 1), (37, 1)]
[]
[(1, 1)]
[(2, 1), (18, 1), (24, 1)]
[(1, 1), (26, 1)]
[]
[(0, 1), (6, 1), (14, 1)]
[(38, 1), (46, 1)]
[(39, 1), (47, 1), (52, 1)]
[(7, 1), (33, 1), (39, 1), (45, 1), (47, 1)]
[(10, 1), (45, 1)]
[(12, 1), (22, 1), (32, 2)]
[(7, 1), (33, 1), (47, 1)]
[(8, 1)]
[(20, 1), (22, 1), (52, 1)]
[(14, 1)]
[(9, 1)]
[(52, 1)]
[(9, 1), (25, 1), (33, 1)]
[]
[(28, 1)]
[(33, 1)]
[(10, 1), (26, 1)]
[(49, 1)]
[(44, 1), (52, 1)]
[(28, 1)]
[(51, 1)]
[(22, 1), (38, 1), (47, 1)]
[(36, 1)]
[]
[(41, 1), (47, 1)]
[(9, 1), (14, 1), (28, 1), (33, 1), (35, 1), (46, 1)]
[]
[(25, 1), (33, 1), (47, 1), (54, 1)]
[(20, 1)]
[]
[(51, 1)]
[(13, 1), (17, 1), (19, 1)]
[(13, 1), (45, 1)]
[(22, 1), (38, 1), (41, 1), (46, 1), (62, 1)]
[(0, 1), (27, 1), (30, 1), (43, 1), (49, 1), (51, 1), (62, 1)]
[(1, 1), (22, 1), (24, 1), (29, 1), (48, 1)]
[(8, 2), (13, 2), (17, 1), (27, 1), (33, 1), (37, 1), (54, 1)]
[(21, 1), (25, 1), (27, 1), (40, 1), (45, 1)]
[(0, 1), (5, 1), (8, 1), (16, 1), (45, 1)]
[(21, 1), (40, 1), (42, 2), (48, 1), (51, 1), (53, 1)]
[(4, 1), (11, 1), (13, 1), (16, 1), (19, 1), (26, 1), (32, 1), (35, 1), (44, 1)]
[(2, 1), (8, 1), (11, 1), (18, 1), (24, 1), (27, 1), (34, 1), (50, 1)]
[(4, 1), (10, 1), (13, 1), (18, 1), (21, 1), (58, 1)]
[(4, 1), (20, 1), (28, 1), (36, 2), (43, 1), (58, 1)]
[(5, 1), (12, 2), (18, 1), (29, 1), (45, 1)]
[(1, 1), (4, 1), (9, 2), (17, 2), (21, 1), (25, 1), (41, 1), (43, 1), (49, 1), (52, 2)]
[(2, 1), (9, 1), (26, 1), (34, 2), (57, 1)]
[(4, 1), (11, 1), (33, 1), (42, 1), (50, 1), (57, 1)]
[(0, 1), (3, 2), (8, 2), (16, 1), (19, 1), (26, 1), (28, 1), (34, 1), (36, 1), (40, 1), (43, 2), (48, 1), (51, 2)]
[(0, 2), (12, 1), (20, 1), (24, 2), (27, 1), (32, 2)]
[(2, 1), (17, 1), (25, 1), (41, 1), (49, 1), (59, 1)]
[(0, 1), (9, 2), (32, 2), (42, 1), (44, 1), (48, 1), (50, 1), (59, 1)]
[(0, 1), (16, 1), (18, 1), (24, 1), (32, 1), (35, 1), (40, 1), (43, 2), (48, 1)]
[(1, 1), (19, 1), (25, 1), (27, 1), (48, 1), (51, 1), (58, 1)]
[(3, 1), (8, 1), (11, 1), (32, 1), (51, 1)]
[(51, 1), (57, 1)]
[(9, 1), (32, 1), (40, 2), (43, 1), (49, 1)]
[(40, 1), (51, 2)]
[(3, 1), (9, 1), (32, 1)]
[(11, 1)]
[]
[]
[(1, 1), (40, 2), (48, 2), (57, 1)]
[(51, 1)]
[(40, 1), (44, 1)]
[(19, 1), (27, 1), (35, 1), (41, 1), (48, 2), (53, 1)]
[(49, 1), (52, 2)]
[(41, 1), (45, 1)]
[(33, 1), (36, 1), (51, 1), (59, 1)]
[(37, 1)]
[(38, 1), (44, 2)]
[(26, 1), (58, 2)]
[(18, 1), (44, 1), (59, 1)]
[(4, 1), (10, 1), (26, 1), (29, 1), (42, 1), (44, 1)]
[(2, 1), (34, 1), (50, 1)]
[(12, 1), (28, 1), (44, 1), (52, 1)]
[(20, 1), (39, 1), (59, 2)]
[(34, 1), (37, 1)]
[(29, 1), (37, 1), (39, 1), (42, 1), (46, 1)]
[(5, 1), (26, 1), (38, 1), (45, 1), (51, 1)]
[(19, 1), (27, 1), (41, 1), (43, 1), (46, 1)]
[(37, 1), (42, 1), (53, 2)]
[(0, 1), (11, 1), (32, 1), (45, 1), (53, 1)]
[(3, 1), (8, 1), (13, 1), (37, 1), (40, 3), (53, 1), (61, 1)]
[(16, 1), (24, 1), (34, 1), (45, 1), (54, 1)]
[(35, 1), (42, 2), (54, 1)]
[(21, 1), (29, 1), (35, 1), (43, 1), (54, 1), (60, 1)]
[(1, 1), (6, 1), (20, 1), (28, 1), (35, 1), (48, 1)]
[(9, 1), (12, 1), (14, 1), (17, 1), (38, 1), (44, 1), (46, 1), (52, 1), (54, 1)]
[(4, 1), (8, 1), (16, 1), (22, 1), (25, 1), (30, 1), (48, 1), (55, 1), (61, 2)]
[(21, 1), (32, 2), (41, 1), (55, 1)]
[(0, 1), (7, 1), (13, 1), (29, 1), (39, 2), (44, 1), (49, 1), (53, 1), (55, 1)]
[(2, 1), (5, 1), (10, 1), (15, 1), (17, 2), (23, 1), (26, 1), (31, 2), (36, 1), (45, 1), (47, 1), (63, 1)]
[(9, 1), (22, 1), (32, 1), (34, 1), (41, 2), (49, 1), (54, 1), (62, 1)]
[(14, 1), (24, 1), (30, 1), (46, 1), (50, 1)]
[(1, 1), (3, 1), (11, 1), (18, 2), (25, 1), (27, 1), (33, 1), (35, 1), (44, 1), (63, 1)]
[(6, 1), (26, 1), (30, 1), (38, 1), (42, 2), (50, 2)]
[(10, 1), (15, 1), (23, 1), (34, 1), (36, 1), (44, 1), (47, 1), (55, 1)]
[(2, 1), (4, 1), (7, 1), (12, 1), (37, 2), (53, 1)]
[(19, 2), (27, 2), (30, 1), (37, 1), (39, 1), (53, 1)]
[(11, 1), (35, 1), (38, 2), (51, 1)]
[(3, 1), (45, 1)]
[(5, 1), (31, 1), (39, 1), (43, 1), (46, 1)]
[(13, 1), (20, 1), (29, 1), (45, 1)]
[(21, 1), (28, 1), (38, 1), (52, 1)]
[(12, 1), (45, 1), (47, 1), (52, 1)]
[(0, 1), (4, 1), (36, 1), (40, 1), (44, 1), (46, 1), (48, 1), (53, 1)]
[(6, 1), (8, 1), (47, 1)]
[(14, 1), (16, 1), (24, 1), (32, 1), (39, 1)]
[(22, 1), (30, 1), (46, 1), (53, 1)]
[(1, 1), (21, 1), (29, 1), (31, 1), (39, 1)]
[(5, 1), (13, 1), (33, 1), (37, 1), (45, 1)]
[(9, 1), (17, 1), (25, 1), (41, 1)]
[(7, 1), (47, 1)]
[(2, 1), (23, 2), (32, 1), (39, 1), (46, 1), (48, 2)]
[(15, 2), (22, 1), (30, 1), (38, 1), (40, 1), (55, 1)]
[(10, 1), (18, 1), (26, 1), (34, 1), (42, 1)]
[(6, 1), (14, 1)]
[(3, 1), (33, 1), (50, 1)]
[(25, 1), (41, 1), (58, 1)]
[(49, 1)]
[(4, 1), (27, 1), (43, 1), (58, 1)]
[(11, 1), (17, 1), (19, 1), (51, 1)]
[(34, 2), (55, 1)]
[(0, 1), (42, 1), (55, 1), (59, 1)]
[(5, 1), (26, 1)]
[(50, 1)]
[(23, 1), (31, 1), (59, 1)]
[(18, 1), (35, 2), (44, 1), (47, 1)]
[(15, 1), (20, 1), (28, 1)]
[(18, 1)]
[(6, 1), (10, 1), (36, 1), (52, 1)]
[(10, 1), (12, 1), (39, 1), (47, 1), (55, 1)]
[(0, 1), (36, 1)]
[(5, 1), (18, 1), (47, 1)]
[(7, 1), (10, 1), (35, 1), (51, 2)]
[(6, 1), (28, 1)]
[(52, 1)]
[(9, 1), (27, 2)]
[]
[(18, 1), (35, 1), (43, 1)]
[]
[(11, 1)]
[(18, 1), (26, 1), (37, 1), (45, 1)]
[(21, 1)]
[(26, 1), (53, 1)]
[(13, 1), (18, 1)]
[(2, 2), (5, 1), (8, 1), (26, 1), (29, 1), (53, 1)]
[(34, 1), (53, 1)]
[(2, 1), (34, 1), (60, 1)]
[(33, 1)]
[(6, 1), (14, 1), (22, 1), (33, 1)]
[(4, 1), (12, 1), (18, 1), (28, 1), (38, 1), (52, 1), (60, 2)]
[(7, 1), (36, 1), (44, 1), (46, 1), (54, 1)]
[(11, 1), (15, 1), (23, 1), (27, 1), (30, 1)]
[(5, 1), (11, 3), (20, 1), (29, 1), (39, 1), (47, 1), (53, 1), (55, 1), (61, 1)]
[(19, 2), (31, 1), (37, 1), (62, 1)]
[(0, 1), (6, 1), (13, 1), (21, 1), (26, 3), (45, 1), (54, 1), (62, 1)]
[(1, 2), (12, 1), (20, 2), (30, 1), (38, 1), (63, 1)]
[(7, 1), (22, 1), (28, 1), (46, 1), (55, 1), (63, 1)]
[(6, 1), (13, 1), (23, 1), (31, 1), (39, 1), (47, 1)]
[(22, 1), (29, 1)]
[(6, 2), (14, 2), (29, 1)]
[(15, 1), (23, 1)]
[(21, 1)]
[(7, 1), (15, 1), (22, 1)]
[(2, 4), (11, 2), (23, 1)]
[(10, 1), (13, 1), (18, 4)]
[(1, 1), (6, 1), (27, 2)]
[(9, 1), (14, 1)]
[(1, 1), (6, 1), (17, 1), (22, 1), (26, 1), (29, 1)]
[(9, 1)]
[(14, 1), (17, 1), (22, 1), (25, 1), (30, 1), (35, 2)]
[(36, 1)]
[(25, 1), (30, 1), (35, 1)]
[(26, 1), (29, 1)]
[(14, 1)]
[(14, 1)]
[(17, 1), (22, 1)]
[]
[]
[]
[]
[]
[]
[(14, 1), (17, 1), (26, 1), (29, 1)]
[(2, 1), (14, 1), (25, 1), (30, 1), (35, 2)]
[(22, 1), (25, 1), (37, 1)]
[(10, 1), (30, 1), (34, 1), (43, 3)]
[(22, 1)]
[(3, 1), (18, 1), (22, 1), (38, 1), (52, 1)]
[(14, 1), (30, 1), (42, 1), (51, 1), (53, 1)]
[(5, 1), (13, 1), (46, 1), (50, 1)]
[(4, 1), (6, 1), (11, 2), (19, 4), (26, 1), (29, 1), (60, 1)]
[(6, 1), (27, 2), (34, 1), (37, 1), (42, 1), (45, 1), (58, 1), (61, 1)]
[(31, 1), (50, 1), (53, 2), (59, 1)]
[(33, 1), (41, 1), (49, 1), (58, 1), (61, 2)]
[(6, 1), (35, 2), (39, 1), (57, 1)]
[(7, 1), (14, 2), (17, 1), (25, 1), (31, 1), (40, 1), (47, 2), (55, 2), (63, 1)]
[(6, 1), (9, 1), (14, 1), (23, 1), (31, 2)]
[(9, 1), (14, 1), (16, 1), (58, 1), (61, 1)]
[(0, 2), (6, 1), (8, 1), (24, 1), (35, 2), (50, 1), (53, 1)]
[(9, 1), (14, 1), (42, 1), (45, 1)]
[]
[]
[(42, 1), (45, 1)]
[(6, 1)]
