65 377 27 7 1 4 44 3 129 96 63 445 251 1 3 1 167 8 19 6 23 1 118 4 29 3 8 2 2 28 32 20 32 20 31 32 1 7 109 24 11 7 478 39 75 5 296 5 108 1 1 2 3 1 3 11 19 8 3 48 2 12 7 20 13 34 4 10 1 2 1 30 9 15 18 9 24 44 6
69 17 19 226 1 21 1 88 23 1 2 12 45 3 131 91 67 49 30 365 249 1 3 1 146 15 6 2 45 4 131 13 26 137 1 59 117 27 2 2 50 9 421 4 5 113 1 38 28 3 18 7 12 1 200 5 103 5 3 13 14 11 6 33 47 10 1 6 2 2 37 10 4 4 9 25 8 15 48 10 2 31 6
113 27 23 30 12 11 6 106 5 20 1 88 28 10 46 1 2 1 132 87 68 67 23 315 7 32 108 1 138 2 2 1 64 4 15 1 87 36 158 2 28 1 2 184 121 47 30 11 6 10 151 2 10 8 1 3 226 9 6 45 41 102 2 25 211 4 97 2 1 16 11 15 9 93 8 44 5 4 24 18 6 16 33 2 9 8 20 21
212 5 113 23 2 4 1 82 30 11 43 2 175 45 47 1 21 82 25 56 2 1 4 30 1 7 20 7 2 9 7 4 8 24 72 42 11 63 70 86 57 1 2 1 2 1 13 10 36 111 84 2 7 19 53 32 26 1 5 48 1 119 1 9 130 85 13 22 14 77 5 29 23 3 4 2 44 239 2 2 12 20 2 1 94 1 7 24 220 10 42 9 29 26 8 16 10 153 6 4 25 12 6 17 29 19 24 17
235 3 96 10 1 7 4 3 2 81 29 11 2 3 30 6 2 5 287 27 2 66 182 6 86 3 7 87 81 107 35 1 2 1 1 1 6 1 2 1 2 20 1 139 82 29 3 2 50 29 1 2 5 8 8 2 8 1 33 10 8 116 1 9 136 82 21 26 93 26 2 19 3 2 36 282 5 2 88 30 5 4 65 4 11 65 74 108 6 16 13 45 11 12 6 12 1 3 1 2 2 1 1 49 2 1 2 2 1 25 16 9 8 15 31 14 27 14
80 2 16 7 33 31 6 7 8 10 5 3 135 9 3 4 2 81 26 16 5 42 287 27 1 92 22 1 96 2 6 2 37 78 30 49 2 7 7 5 7 5 72 2 70 36 31 1 1 2 1 1 5 1 1 1 1 55 47 2 60 36 38 36 87 5 91 12 2 90 1 9 136 20 39 27 21 165 2 2 30 6 182 10 4 93 23 91 2 1 44 133 113 42 9 9 19 145 6 35 13 10 9 14 9 13 8 11 26 15
50 2 18 4 10 120 7 1 27 13 106 1 1 1 1 80 24 21 3 40 229 7 52 150 1 37 52 24 19 90 25 45 10 6 12 3 1 1 157 24 29 1 1 2 1 1 4 1 1 30 36 1 79 14 6 2 47 2 26 10 60 1 52 6 92 7 5 11 1 12 1 11 7 7 1 37 148 20 57 12 20 164 2 1 25 6 194 3 3 114 2 64 21 4 39 36 91 23 133 12 11 5 23 38 25 8 14 8 15 87 9 11 10 14 5 15 6 3 2 6 2 23 1 3 2 2 5 1
46 9 21 135 7 56 7 12 9 11 3 18 26 82 23 1 4 46 1 13 229 7 52 199 43 24 14 83 6 13 6 7 5 43 32 1 3 2 172 1 1 3 27 4 1 1 5 9 59 1 101 6 21 7 37 5 1 1 119 1 13 1 18 1 317 18 60 10 21 162 2 1 21 4 207 87 29 12 5 5 60 2 29 22 129 15 133 4 43 47 2 62 3 85 7 15 22 18 6 3 3 33 9
63 379 22 13 51 2 127 94 66 444 250 3 2 2 3 2 56 1 101 2 1 45 133 15 15 3 9 10 3 18 34 18 34 17 35 38 103 25 16 31 453 55 11 6 133 3 207 5 109 3 2 1 4 10 23 4 3 71 6 33 29 2 3 7 6 29 6 18 40 54 6
68 28 3 343 22 14 50 3 128 85 73 47 28 369 104 1 143 3 1 2 2 2 60 1 24 1 72 5 2 35 134 4 43 195 4 1 3 1 107 28 62 11 415 132 8 2 1 2 6 5 1 6 30 42 196 4 105 3 2 2 1 11 19 2 1 5 4 36 55 23 2 13 11 9 1 2 3 5 2 30 5 19 26 31 2 28 1 2 5
74 5 17 4 20 18 24 29 11 17 13 91 8 24 1 86 21 3 1 10 1 1 50 2 1 1 129 83 72 46 2 20 21 83 1 76 1 13 2 85 7 46 2 6 3 30 23 8 74 1 141 2 1 2 2 1 64 1 18 2 3 80 31 4 139 7 13 1 12 19 1 181 117 31 2 8 63 15 140 2 2 3 10 11 70 7 144 11 3 215 4 13 199 4 99 19 12 13 7 109 12 26 3 6 22 19 5 19 15 1 3 32 21 19
167 2 40 15 103 26 3 2 2 82 23 14 1 1 48 2 171 28 7 6 49 8 17 83 23 59 7 30 1 3 48 3 11 2 10 5 79 38 3 6 5 26 2 7 1 14 6 2 64 1 6 80 65 2 1 1 2 1 2 1 4 2 2 27 19 2 3 108 91 3 2 11 1 2 2 15 1 69 11 17 5 13 2 44 1 54 3 49 3 6 117 56 27 12 21 20 18 55 5 4 1 2 1 1 6 31 29 4 43 240 2 11 2 20 52 3 28 16 4 20 3 19 204 9 28 2 31 43 12 13 11 77 6 63 1 6 7 5 23 13 5 22 20 12 1 11 27 14
141 2 50 2 138 9 2 9 3 2 2 25 11 46 22 16 2 3 9 7 16 9 2 5 285 95 112 7 15 1 2 7 63 14 77 17 3 29 1 29 67 1 5 89 15 2 1 2 34 1 1 2 1 1 2 1 1 1 1 1 1 2 3 54 2 103 79 4 1 2 2 30 16 5 2 1 18 38 18 7 43 7 8 21 6 23 3 10 3 10 3 10 1 13 2 10 3 6 114 103 24 31 78 1 7 28 1 2 3 16 2 2 36 201 1 83 46 1 4 1 26 38 3 19 212 106 10 12 14 48 8 9 6 23 18 39 5 26 13 10 7 27 20 3 3 8 27 14
80 2 9 1 5 10 30 29 22 11 7 3 132 5 1 5 2 4 3 81 22 18 4 50 223 1 58 26 4 92 112 19 2 10 7 1 15 76 30 48 1 20 10 1 73 2 73 34 31 1 1 2 1 1 1 1 1 1 1 1 1 1 1 51 1 3 49 60 34 2 45 17 7 3 58 2 15 10 4 2 1 1 89 12 7 8 4 10 3 9 5 8 4 10 3 11 2 9 5 2 113 44 48 19 24 165 2 2 28 7 100 3 76 112 9 100 5 13 38 124 118 21 4 14 12 8 18 139 1 4 4 2 2 39 8 12 8 35 9 2 3 7 25 15
49 4 30 123 16 6 3 32 61 4 31 83 22 70 225 5 54 26 1 139 4 17 50 35 11 67 8 13 27 45 29 1 158 21 1 4 29 4 1 1 1 1 2 1 1 51 62 1 47 5 2 37 38 9 114 1 1 5 160 4 4 9 144 4 9 21 63 7 23 164 2 2 22 7 193 134 6 1 2 1 7 10 2 1 38 9 3 1 6 5 26 28 104 16 138 7 40 41 30 6 13 19 9 16 11 52 6 14 9 34 11 7 3 4 1 8 1 5 7 1 1 2 5
46 1 1 18 11 264 18 83 21 49 3 2 1 9 1 9 220 9 52 200 40 32 8 4 2 63 51 43 30 1 178 2 2 2 27 4 1 1 2 12 3 19 137 48 25 5 4 2 115 1 12 3 5 1 324 19 66 6 23 162 2 2 17 6 204 114 3 7 76 1 34 15 137 11 179 67 5 130 5 18 14 25 8 1 2 33 9
61 381 17 1 3 11 1 1 56 1 124 1 4 84 2 2 67 290 25 5 24 100 250 3 1 3 2 4 27 5 12 10 21 11 44 6 7 13 4 47 40 6 99 1 15 1 10 9 7 14 38 14 31 1 2 3 1 13 3 2 34 37 90 32 16 51 431 48 82 6 58 4 15 6 7 6 191 4 110 3 6 10 24 2 4 78 7 56 2 8 4 32 5 19 7 85 7
65 289 1 87 16 1 3 13 1 1 56 2 201 7 74 52 20 212 6 6 28 3 1 12 4 11 5 84 21 9 73 1 145 1 2 2 2 2 3 2 30 3 13 2 6 2 104 38 115 2 2 1 36 1 5 64 9 42 11 47 4 23 2 1 5 10 95 37 6 1 64 9 270 1 138 125 15 9 9 8 31 32 3 10 193 4 106 4 3 10 23 4 4 64 28 2 3 39 5 9 5 38 4 20 10 48 2 6 7 13 9
75 3 40 23 19 34 1 31 37 57 8 27 1 86 15 1 4 17 54 4 281 38 1 2 7 20 18 87 7 29 1 9 6 6 6 8 6 6 8 13 6 1 17 11 64 21 4 11 1 29 3 7 92 1 1 1 33 1 69 1 38 2 1 2 1 2 2 2 2 2 3 20 11 12 2 5 2 1 19 1 4 2 15 6 2 11 11 31 2 4 2 11 100 3 45 4 23 1 5 200 107 46 1 11 67 19 137 1 17 7 79 10 130 10 1 78 11 3 23 103 3 19 197 4 101 2 2 12 21 5 6 96 7 44 1 2 1 7 20 20 3 21 12 2 4 6 3 3 6 15 23 17
161 5 44 51 63 30 5 24 16 43 14 1 4 1 1 15 1 1 54 2 174 14 44 8 15 1 7 3 16 83 21 31 1 13 2 17 7 25 1 2 6 3 5 10 4 5 17 2 139 6 2 11 4 23 3 10 55 1 9 1 9 1 8 1 4 11 1 5 14 55 23 2 36 1 2 1 1 2 2 1 1 2 1 2 3 24 19 115 89 21 2 85 1 27 6 1 18 34 6 8 4 34 23 30 54 5 28 76 1 14 72 19 24 60 8 32 24 4 1 3 54 53 16 17 1 4 2 138 2 36 38 1 30 48 2 24 202 8 53 22 5 27 12 13 8 74 1 63 9 8 5 12 15 15 4 23 34 11 26 14
136 5 46 4 29 10 16 71 13 7 6 11 6 20 21 22 19 15 6 16 1 3 7 39 3 7 245 2 32 25 1 72 105 18 2 17 127 25 6 15 3 24 3 14 7 3 44 1 8 1 10 1 7 1 2 34 40 21 14 4 33 1 1 2 1 2 1 1 1 1 1 1 2 59 1 103 96 19 18 9 19 3 9 22 2 6 2 20 56 18 75 7 6 6 55 8 28 135 28 35 80 32 2 4 3 4 1 1 1 1 1 1 2 2 34 200 1 88 35 2 7 4 18 44 3 25 61 3 147 103 15 8 13 69 2 22 9 15 20 15 6 27 11 12 4 26 26 1 2 9 26 14
94 18 23 33 18 14 147 6 2 3 3 67 2 12 20 76 214 8 58 25 6 94 11 1 86 5 5 19 4 11 4 3 15 4 37 12 8 4 45 44 102 3 77 31 31 1 1 2 1 1 1 1 1 1 1 1 1 57 6 1 26 1 10 4 9 7 12 31 2 20 61 9 5 14 86 8 3 3 4 2 1 5 1 1 71 3 78 5 76 3 35 60 64 10 23 84 2 6 2 5 1 61 1 1 3 2 24 10 107 47 23 115 10 95 4 21 40 115 122 20 8 8 18 2 2 1 16 147 2 3 3 41 4 14 6 34 13 1 6 3 26 14
47 6 30 126 2 2 14 1 1 32 89 3 5 2 1 81 20 14 1 44 3 17 212 9 57 24 2 161 49 36 60 5 12 7 3 4 36 43 24 4 70 1 91 20 2 2 29 1 1 4 1 4 1 53 3 2 67 3 40 39 34 7 118 7 2 5 120 1 185 38 68 9 20 164 2 1 20 8 125 4 10 6 6 6 35 133 6 2 1 5 8 11 35 10 1 1 6 12 25 34 98 13 1 2 140 2 40 69 10 4 33 3 13 12 2 54 4 16 6 36 8 2 4 5 2 6 9 2 1 3 14
43 4 1 24 1 206 21 43 16 82 21 59 10 10 211 14 53 199 40 32 27 17 15 8 19 12 3 20 7 43 213 2 27 1 1 4 1 2 1 10 3 35 9 3 1 1 26 2 4 1 16 1 10 2 14 8 5 16 4 48 21 6 122 1 13 2 78 1 245 21 70 6 1 4 18 162 2 1 15 6 205 109 24 1 1 1 63 1 38 10 144 8 178 53 1 2 3 16 4 3 4 117 5 17 13 27 6 3 3 33 8
60 382 16 2 1 12 1 2 341 298 23 123 209 1 8 2 27 16 25 27 16 5 23 6 16 40 2 12 7 42 25 6 90 11 27 11 8 12 39 14 38 12 39 35 83 32 20 56 422 55 11 2 4 1 4 47 6 1 3 7 61 7 11 9 3 11 187 4 119 9 30 89 12 38 6 8 3 32 10 14 6 87 6
63 291 1 87 15 3 1 17 62 1 277 49 29 210 10 19 36 90 102 1 106 1 9 3 24 9 1 2 2 4 23 25 3 2 10 4 4 19 14 17 38 22 5 33 121 4 14 71 5 47 3 46 7 41 83 42 9 1 67 9 284 15 5 71 31 126 1 2 12 9 51 31 1 15 191 3 113 10 24 2 5 70 9 3 9 2 24 15 10 8 4 1 3 36 6 17 7 53 2 12 1 11 9
70 13 31 241 3 84 14 3 2 9 1 8 62 4 256 5 12 35 14 20 23 49 2 33 5 28 2 7 9 3 8 9 2 8 6 19 6 63 5 17 26 44 12 3 88 1 24 6 8 2 76 7 18 7 2 1 2 2 2 2 1 4 8 11 3 19 7 3 7 14 21 62 29 30 62 2 3 4 41 3 24 146 1 2 3 45 1 1 67 12 17 52 4 1 4 6 70 20 154 7 154 1 38 10 12 68 1 5 19 1 8 5 27 98 3 22 195 4 102 15 21 5 5 105 18 24 6 2 23 2 6 13 4 20 9 18 2 2 10 13 5 10 8 14
161 4 45 1 1 55 53 34 5 18 7 11 9 2 3 4 29 16 2 22 6 16 18 1 19 3 223 8 1 4 2 5 14 2 14 83 21 41 4 25 9 15 4 5 1 5 5 8 5 6 17 1 18 3 6 6 70 18 21 17 6 18 14 1 34 2 6 2 6 6 4 1 2 13 3 2 1 13 1 80 22 1 1 1 10 10 13 6 2 1 1 2 1 3 54 109 28 30 57 53 2 55 5 9 12 38 15 24 1 2 1 1 35 2 2 6 56 15 8 89 3 14 5 9 62 19 27 48 8 3 4 2 1 30 1 1 25 6 53 4 2 227 2 37 36 1 29 37 2 8 6 4 3 16 201 10 85 19 19 7 7 77 14 51 2 1 4 8 4 12 15 15 4 22 17 16 3 11 26 13
138 2 47 4 26 94 33 11 5 16 66 15 2 1 2 10 1 18 4 25 5 9 3 11 57 11 40 2 107 1 52 25 1 67 1 5 101 39 8 2 9 5 8 1 1 2 2 4 82 33 3 15 4 21 3 1 15 4 31 3 5 2 5 6 5 1 2 13 3 16 9 21 30 27 10 5 12 7 12 5 1 1 1 2 1 1 9 158 28 30 39 15 1 1 17 2 3 4 6 2 7 1 13 3 1 8 13 30 45 7 45 5 108 4 9 53 12 107 1 3 23 40 59 1 8 38 7 11 3 1 1 3 30 14 4 275 34 1 29 38 9 5 3 4 2 14 64 2 76 1 1 1 66 102 17 11 6 97 27 5 6 18 5 27 12 12 5 25 7 2 14 5 2 9 26 13
50 3 38 29 10 72 1 3 141 8 1 1 2 60 21 2 19 11 2 16 10 28 3 19 59 2 42 83 6 15 10 16 36 24 1 1 7 92 78 3 21 1 4 19 4 12 1 5 1 3 12 68 13 27 3 38 1 3 71 1 8 1 98 6 1 25 1 2 15 2 1 1 10 4 2 1 1 1 1 2 5 54 1 1 1 1 3 14 29 59 27 31 22 11 83 6 5 9 2 6 1 1 5 1 4 5 1 1 82 1 153 11 24 57 20 6 24 29 23 94 2 2 3 61 4 1 23 13 156 5 12 119 16 84 4 27 41 117 120 16 9 7 24 1 14 146 9 29 5 8 5 12 7 37 8 6 1 8 5 10 8 14
48 6 26 134 115 2 18 1 1 4 3 83 20 12 4 50 12 11 104 22 71 15 12 20 25 24 1 1 1 163 46 36 1 2 8 21 8 2 8 40 2 6 31 41 99 1 87 6 2 13 5 2 28 2 3 6 3 9 45 2 1 1 3 1 6 5 2 2 2 4 6 8 11 19 39 23 3 32 6 1 3 13 72 1 41 9 3 5 9 3 284 43 28 19 18 5 2 10 20 163 1 1 1 1 15 10 152 10 30 131 9 9 52 12 5 18 24 29 102 16 181 86 60 55 5 2 3 10 6 39 4 14 2 12 2 3 16
43 3 1 296 15 83 19 6 4 3 5 5 1 40 125 10 93 14 1 3 5 3 2 14 25 200 39 34 6 10 4 35 16 20 6 4 28 40 198 4 1 4 7 2 26 1 4 5 3 6 48 2 2 1 1 2 6 1 3 19 10 17 10 38 2 59 1 1 1 13 120 4 16 2 304 32 20 8 8 7 25 3 3 11 19 160 2 1 1 1 12 3 210 96 11 1 22 6 61 1 1 1 18 4 18 8 4 5 135 9 176 85 1 119 10 8 17 29 4 35 3 1 8
58 1 1 382 16 20 340 443 419 4 20 5 6 2 7 8 39 4 101 1 28 8 10 10 42 10 39 13 39 35 104 2 27 59 186 11 227 54 7 58 8 9 66 8 11 24 184 2 121 6 32 109 35 9 2 1 2 2 2 24 8 2 1 15 6 85 8
63 293 1 85 15 2 1 20 338 52 21 64 4 254 3 45 262 48 4 1 9 3 93 1 2 18 11 5 166 9 7 51 7 45 6 47 2 50 106 5 14 2 69 10 174 6 1 7 136 16 4 2 5 12 2 8 28 79 5 68 56 48 188 3 113 9 31 83 11 15 2 1 6 3 10 2 9 11 2 2 17 22 5 16 7 32 1 45 11
69 23 14 249 3 84 14 3 1 6 4 8 1 4 80 18 4 11 30 4 188 37 1 3 12 11 23 35 21 39 2 25 2 22 1 2 1 34 2 81 1 38 7 43 13 4 64 1 8 1 10 2 42 5 107 4 55 2 4 1 100 9 17 3 47 29 89 1 3 199 62 8 7 1 53 8 9 2 82 22 152 17 189 4 1 86 20 2 6 6 26 100 2 23 194 3 105 11 24 1 7 148 5 2 26 3 7 9 4 19 7 25 1 39 6 13
124 7 44 8 29 117 11 15 4 14 6 19 1 2 25 8 1 3 3 17 1 6 8 6 3 16 14 7 54 18 40 15 120 3 4 18 13 3 3 3 5 32 11 38 20 17 2 1 22 39 8 6 5 12 1 12 1 3 1 15 2 1 1 6 1 1 4 1 4 1 2 20 1 1 64 1 1 38 6 14 7 13 5 2 39 3 7 1 6 7 6 13 3 2 1 43 15 25 3 1 1 9 24 3 41 3 1 1 24 6 30 8 97 11 65 28 10 9 3 98 5 5 18 33 19 27 3 2 24 20 46 15 7 27 3 4 1 5 39 10 7 14 4 5 13 1 1 2 2 32 20 20 32 56 1 2 14 19 2 4 16 1 3 1 2 11 35 185 3 56 3 37 65 38 7 5 5 4 1 17 68 14 15 30 73 6 85 8 1 12 18 6 1 2 6 134 15 6 6 13 20 1 1 8 5 23 5 7 5 32 2 12 11 4 6
100 4 45 8 188 11 4 13 9 15 45 23 10 8 19 141 121 2 1 21 31 27 12 52 85 8 12 42 1 3 2 5 7 8 2 15 82 34 3 15 5 15 4 3 44 1 6 6 5 3 3 8 4 1 1 26 19 17 6 44 14 5 38 3 1 1 4 4 18 13 8 5 1 7 3 1 2 4 7 6 79 3 2 1 4 8 64 38 17 10 1 3 10 1 2 4 8 23 2 27 215 10 8 30 2 8 11 15 1 101 22 45 58 3 1 38 1 4 1 1 1 2 2 6 3 1 2 8 24 196 4 95 64 28 10 9 4 4 4 15 68 68 80 96 19 5 1 3 6 98 35 21 5 20 24 5 9 22 3 2 20 19 1 13 11 4 6
51 4 32 120 1 1 139 8 3 52 1 3 21 6 14 10 10 2 1 9 5 44 18 46 21 26 1 3 4 72 2 25 7 5 3 24 25 23 1 3 2 2 4 72 4 8 115 17 4 22 11 67 31 12 4 34 1 5 92 1 7 1 5 1 79 28 35 3 1 1 3 2 2 41 15 2 1 1 8 6 52 6 21 9 27 2 40 1 1 3 3 18 10 2 42 1 4 1 14 1 2 8 15 6 6 2 12 1 79 1 9 3 18 1 11 12 108 13 46 19 22 3 3 3 27 8 3 6 1 11 21 151 1 11 2 1 1 8 20 7 159 135 18 78 5 31 40 111 125 17 8 10 22 4 10 104 2 42 7 26 8 1 3 2 15 1 12 32 13 31 7 13
49 8 2 7 11 137 137 90 19 5 12 3 1 45 113 11 2 5 90 32 7 9 24 23 2 164 49 37 7 82 30 6 3 39 100 1 85 4 22 3 32 4 1 1 2 1 3 3 53 2 5 1 97 1 2 17 11 6 30 1 2 1 4 8 92 7 16 5 1 2 1 4 96 1 214 26 23 2 33 31 19 162 2 1 1 11 177 1 27 122 4 7 7 8 53 11 6 19 24 24 109 14 140 1 40 90 24 20 12 37 9 9 8 2 2 4 11 37 6 32 17
43 2 2 296 15 82 1 1 17 6 13 1 3 40 122 12 97 7 1 34 24 200 39 36 3 93 25 2 6 38 196 12 4 4 28 5 1 1 2 1 1 4 55 1 103 5 19 6 5 3 6 9 12 1 2 1 4 7 77 1 33 5 3 4 1 3 2 2 1 1 2 1 306 31 18 2 53 1 3 13 19 160 1 1 2 9 213 2 2 95 1 1 7 14 4 3 2 7 60 1 19 10 16 13 142 6 175 116 1 73 2 13 8 1 2 6 2 4 18 23 5 37 10
57 1 2 382 18 10 1 5 1 1 340 443 423 17 6 2 5 4 7 5 70 1 105 6 1 1 3 22 31 20 33 16 34 35 134 58 192 1 230 58 151 7 14 182 22 2 157 142 2 9 4 4 1 5 2 19 8 15 9 83 9
63 379 15 9 3 8 1 2 34 1 303 52 17 330 1 43 20 2 78 1 322 30 4 2 164 4 16 49 4 48 3 89 5 6 121 9 36 7 20 12 177 1 225 144 65 215 20 3 152 130 9 12 5 6 6 3 2 13 3 7 3 19 7 77 11
64 1 5 28 7 250 3 84 15 7 8 6 1 3 28 13 296 46 3 19 17 101 1 59 3 11 5 133 3 41 18 2 16 2 62 1 52 17 253 36 74 1 37 1 48 14 3 12 1 181 49 2 80 4 31 4 25 17 7 23 149 10 1 2 196 93 7 2 10 4 6 4 32 85 1 12 2 21 157 17 19 3 105 8 33 147 8 4 22 5 3 2 2 8 3 20 8 67 3 8 3 2
79 2 42 14 36 16 22 99 4 1 25 15 4 11 6 29 13 24 14 7 11 5 4 1 23 27 256 5 14 1 3 6 1 29 3 5 1 3 3 36 17 19 1 69 11 47 1 10 2 26 75 39 5 14 21 4 67 1 10 1 8 1 10 5 2 29 36 20 19 3 74 7 8 9 1 112 26 4 83 11 1 32 1 1 2 1 31 31 6 4 22 30 22 27 2 5 9 4 2 35 57 6 65 1 5 24 8 3 5 56 1 4 9 22 41 27 6 7 18 25 1 6 2 5 15 2 1 1 56 271 33 86 2 21 167 16 17 9 33 19 5 31 3 11 23 1 8 144 5 4 2 3 4 4 24 5 1 10 6 19 19 48 19
100 10 36 17 181 12 2 13 7 25 20 39 13 7 13 103 1 2 18 22 86 8 50 10 24 23 1 5 2 61 94 14 2 4 27 5 1 4 1 6 1 4 1 23 95 25 4 14 7 8 5 5 64 1 19 1 10 1 2 10 21 1 2 81 48 58 1 103 27 3 82 2 32 1 5 14 5 1 4 1 19 5 1 4 3 13 1 1 74 2 98 2 44 3 42 7 22 50 2 61 15 53 46 47 1 18 4 1 33 189 1 3 2 1 2 97 32 56 7 25 2 15 175 16 54 66 20 1 2 3 8 100 29 22 8 3 1 12 6 2 1 2 13 3 4 2 9 22 25 35 19
50 5 31 119 144 8 2 83 14 7 14 48 117 1 2 62 19 7 10 1 1 12 36 3 23 23 1 4 1 109 100 2 2 9 1 2 1 22 12 51 9 5 38 8 3 39 93 1 8 3 83 21 2 3 38 1 3 56 80 31 23 6 123 3 6 3 2 3 26 5 1 1 6 1 1 1 350 2 1 2 55 12 17 164 3 2 193 134 21 3 1 68 6 15 1 17 27 123 33 16 78 13 12 7 25 3 9 116 1 28 5 1 6 23 3 9 3 2 8 9 2 2 6 32 14 31 6 8 3 2
49 15 1 1 7 138 29 6 88 4 14 89 1 16 1 4 16 38 135 1 102 11 28 2 24 21 2 163 52 13 2 21 7 80 34 5 4 37 101 2 84 4 12 5 5 2 35 2 3 12 24 3 129 28 95 1 43 3 24 5 332 2 30 1 62 10 17 164 2 1 211 146 57 2 8 2 7 18 21 17 120 12 26 16 100 2 37 102 14 24 8 45 2 8 6 8 4 3 5 39 6 33 15
44 1 3 296 14 82 2 14 2 5 18 33 246 17 17 3 23 200 40 32 6 92 27 4 4 36 199 9 6 2 33 1 3 8 162 15 4 5 6 4 7 5 126 1 21 7 52 1 272 13 23 1 68 9 17 162 2 1 215 1 2 105 26 5 63 2 20 5 18 10 146 7 25 50 98 119 1 3 15 3 3 65 5 8 2 6 15 4 2 21 5 38 9
60 382 17 5 2 9 343 443 26 3 394 40 3 4 68 1 108 4 11 8 44 7 43 12 39 23 142 25 458 58 11 45 99 3 16 182 178 140 4 9 3 1 1 9 3 22 2 17 8 84 9
62 293 1 86 16 8 4 6 343 62 10 370 20 6 4 4 389 40 4 3 67 1 108 4 1 39 7 44 7 48 4 32 132 10 17 3 54 4 404 73 29 2 4 24 80 214 171 124 17 11 5 6 6 3 1 25 2 21 6 76 11
69 21 2 5 9 249 1 86 15 7 8 6 30 3 1 7 300 68 19 101 1 59 1 151 2 40 160 5 258 42 84 2 70 8 14 6 3 118 2 46 131 2 9 4 25 1 62 18 368 1 3 80 9 2 11 4 6 4 31 10 26 262 165 149 6 4 23 20 2 22 8 66 3 6 6
124 3 4 2 51 1 26 116 14 15 1 10 6 90 11 5 14 19 7 4 2 5 5 2 258 2 22 85 15 93 4 47 1 4 1 6 1 31 72 39 4 1 1 15 16 6 86 1 10 1 3 8 63 17 93 5 24 112 124 6 19 9 19 47 35 23 29 19 37 10 142 2 6 18 8 3 6 13 22 21 15 25 98 26 2 7 1 15 4 1 44 102 36 47 4 89 1 8 35 28 28 21 1 28 164 21 104 4 9 5 36 130 10 4 5 9 5 1 1 2 6 5 11 17 4 22 13 56 16
101 2 56 1 63 6 114 13 2 10 6 67 1 19 15 56 111 2 150 2 22 4 2 3 2 83 88 3 1 4 4 8 4 10 4 30 1 4 1 24 88 32 5 15 15 7 95 1 5 4 1 1 67 35 52 162 37 2 94 1 15 1 12 32 1 12 2 12 292 3 6 41 1 60 12 2 6 168 130 90 2 13 5 93 33 52 10 41 173 20 70 34 4 8 22 1 12 114 6 3 7 27 3 9 9 9 13 16 1 26 4 2 15 38 17
50 7 28 119 141 13 1 81 2 20 15 50 117 9 96 15 31 2 23 12 1 5 4 100 1 4 8 4 94 17 1 23 19 40 60 7 4 16 8 4 1 8 190 19 49 54 13 4 55 12 6 21 21 8 1 3 1 9 107 1 3 1 40 6 316 1 39 2 1 1 60 10 7 2 10 165 202 129 21 9 25 1 1 2 33 1 7 32 181 21 103 4 36 153 6 20 1 15 1 1 8 7 1 7 3 36 2 1 7 36 4 6 6
49 15 8 2 3 133 20 29 71 10 12 88 2 19 17 37 1 6 234 8 31 3 22 20 1 167 52 11 1 20 14 66 2 1 4 1 35 6 4 36 189 2 14 2 49 9 158 28 11 1 4 3 26 1 11 11 29 5 9 2 10 1 10 2 30 4 4 1 11 1 344 1 66 10 4 1 12 164 218 133 64 3 17 17 195 26 130 144 9 45 3 1 1 2 5 60 4 38 12
44 1 2 298 12 82 3 20 18 28 5 5 240 9 28 3 22 201 40 30 9 89 28 4 5 35 204 4 45 8 162 39 7 1 30 3 2 7 79 1 25 4 360 1 71 10 1 1 14 163 221 4 2 99 92 1 22 4 205 59 89 209 1 1 6 18 8 1 8 23 4 39 9
59 380 2 1 15 6 6 7 343 442 423 48 177 3 178 4 156 1 477 55 175 180 178 303 9
62 377 2 1 15 5 10 5 342 442 28 1 394 47 66 1 9 2 99 3 11 4 7 3 145 2 141 8 15 2 465 3 1 65 36 1 30 1 87 7 10 189 170 153 1 8 7 135 10
69 20 2 5 14 223 2 104 2 1 14 8 9 6 15 4 4 12 305 401 2 39 423 23 4 5 1 14 64 2 85 5 19 3 11 2 22 9 6 3 9 3 22 8 11 4 20 4 21 7 139 2 33 1 75 3 384 76 22 4 6 3 35 2 34 28 1 4 3 223 163 151 1 10 18 48 2 73 2 4 7
152 7 3 13 3 6 29 114 10 19 1 8 5 69 3 20 12 35 1 3 283 2 21 401 3 1 2 17 10 8 318 4 71 30 196 10 60 2 88 1 163 2 8 9 9 1 8 9 73 19 124 29 150 10 25 9 26 7 8 60 1 27 2 7 34 1 21 3 3 2 29 48 163 23 157 160 1 17 3 1 4 48 3 68 12
138 20 20 8 2 12 6 1 10 97 23 20 1 81 3 19 13 32 5 3 282 2 22 7 3 5 3 3 1 114 4 7 2 131 3 69 9 39 6 18 7 10 305 8 80 30 42 1 55 6 4 7 21 2 14 3 35 14 77 1 236 3 2 35 1 8 74 174 133 6 75 5 5 1 3 8 2 93 61 13 21 1 1 38 172 22 150 188 10 63 3 41 14
50 4 38 33 6 71 17 2 9 31 78 19 1 80 3 18 16 43 277 2 22 7 2 3 3 3 4 167 2 8 33 43 9 70 16 23 1 7 5 35 206 1 51 1 1 4 27 18 114 20 21 6 44 8 17 31 3 1 44 6 11 1 308 1 30 3 1 1 85 2 5 168 207 122 24 3 75 25 1 3 181 23 141 198 6 63 3 39 2 4 7
48 19 12 132 9 53 37 36 1 91 4 20 14 41 241 16 23 1 22 199 37 3 1 32 12 69 43 6 4 35 190 2 63 8 160 24 16 6 34 1 39 21 1 3 2 2 14 5 14 1 11 6 355 1 73 2 12 2 7 167 216 111 20 1 87 7 202 56 99 152 1 55 4 63 1 39 11
47 300 2 1 3 85 4 18 17 35 250 10 25 1 23 201 17 3 20 28 10 89 29 4 5 34 254 6 163 39 36 1 6 3 82 3 24 3 2 1 107 1 245 2 76 8 5 1 10 166 218 6 3 98 114 2 206 63 81 217 3 63 1 39 9
