0
0
0
0
0
0
0
0
0
0
0
551911686144
8421504
16204198578288115904
13898355704898551936
13889312913249828864
13961653356670844928
14088319303837516033
9765918935026434819
9784008100393714499
9765993701884495747
14395703190865814435
14395694394709885891
14404736915775669185
14403611016405705665
16710579908348462017
16421219234243405793
16421236895148925921
16422367141562672067
16710579925528331203
16710579925593342919
16710579925593605063
16710579925056735175
14406997546109487047
14404745746295801799
16710588721686628295
16710588721689774023
17863501430203605987
17863501430202295267
17863519022388339683
17863519091107816419
18439979843411239907
16715101117408863203
17287040678033876967
17287040677899126759
17287040677897029575
17287049473990051783
18439971012956637159
18439971012956637159
17863510226293475271
17863501430472042439
17863501430202561507
17863501430202557411
16710579925593605059
14395729717125171075
14395694532216203143
9768184205003427655
10344644715844964111
13803409229933939587
16113755838776068999
16113755838775804807
18433109646874739591
18433109646874756999
18433109646874756999
18433180015618934727
18433180015618934727
18433109646875805639
18433109646875805575
18433109646875805575
18415095248366323591
16109252239148156807
16109252239013939079
16109252239013939079
11497566220586551047
11497566220578162439
11497566220578162567
11497566220578162567
11497566220578162567
11497566220578162439
11497566220578162439
11497566220586551047
11497566220586551175
11497566220586551175
16109243442652481287
14956321938045634439
14956321938178541447
14956321938179081095
14377609386062220163
14395623750213013385
14395694118957195039
18430849016335933215
18419598295809601343
13780767603303587647
9169116907230412607
18410573987114723079
16131849643306190719
18446744073709551551
17870283321406128127
17863527921965072383
18442213982723899391
18446726378175856639
18446744004586373119
18446744073439543295
18446744073439539199
18446744073439539199
18446744073305321471
18446744004586373119
18446726378041638911
18446717581948616703
18446717582082834431
18446717581948616703
18446726240602685439
18446726240065814527
18446743832250810367
18446743866608451583
18446743866610548735
18446744004049502207
8865808527654911
17940317917531865088
17940317917531865088
17940317917531865088
17940317917531865088
18446742669574078464
290209497081676800
282589520722752
72904252283944935
2238024097999028223
18192355406984314111
17938106099046605048
17938084606894981328
17938084469590253728
17940336406038634720
18228584374644830432
17940353964670251232
18228584409407217888
17040768803781271776
18192568806527787232
6968331932085051616
33844002737418480
13572856330907872
15789195019739391
4530194339659296
17798898032640
17661724459008
17662851678208
17662784569344
17662516133888
17660905521152
17798344474624
17798344474624
17815524343808
17815524343808
17815524343808
17849884082176
17849884082176
17832704212992
17849884082176
17849884082176
17815524343808
206158430208
68719476736
68987912192
69524783104
68987912192
68719476736
17660905521152
17798344474624
17815524343808
17832704212992
17832704212992
18107582119936
4504046303969280
9043345699504128
9043072969080832
36012763906048
35325569138945
35323421655811
35323421722375
35323421722375
35323421722375
35322347980551
35322347980551
35322347980551
35322347980551
35322347980551
35322347980551
35322347980551
35322347982607
35322347982607
137976418063
137976418063
137976418063
137976418063
137975893775
52777095073551
17730161936143
137439151887
137439153935
137975891215
35598299627783
9042797554302977
9113580777504768
4674807609824436416
13898320520526479552
13871228586221895680
13835199824234283008
141804385599488
1066896719872
794032078848
18385816518656
18591839682560
62537945057280
4105171797836564480
524288
34426847232
0
34359738368
8796093022208
1089651207498104831
18442240474082181119
18446744073709551615
18446744073709551615
16140901064495857663
16131893865241116671
14978901991890092031
18446744072096833487
18446717616174137343
18446743833124274175
18446743970562965503
18446744022102573055
18446744056462309887
18446744056496127485
18446741866062675453
18446741866062675453
18446741866062675453
18446178898929384957
18446178898929121785
18445050799932045817
18445613758475402233
18445613758508956667
18445604927921452019
18443357543334409203
18444483443241252855
18439962182775465959
18439962182774417383
18442222812772427751
18442222812907171823
18442222675468218351
18442222812907171823
18442222812907171823
18442222641108479951
18442222623926505423
18442222623389634511
18433215424134893519
18433215424136990671
17289265925820764111
18433180291302412239
18433180291168194511
18433180291302412239
18433180291302412239
18433180291302412239
18433180291302412231
18433180291302393799
18433180291301885903
18433180291301625807
18433180359820300239
18433180359887671247
18437683856570044367
18437622283914678159
16109261034972221327
18417355809639862159
18419616474391318287
11461413795207253775
2242527765659588359
2242527765794330375
2242527765659584263
2238024166099846919
11465899802580682503
2242527731235358471
2242527731232737039
2242527749086058255
4557395705302841103
4557466900634265423
18444492273491371975
18446739675459871719
18437701482981091279
18442222778412689351
18446744039146645447
18446739640898806727
18446744073303215887
18446744056393877263
4557502082978350863
2242545357844317983
10344644715768680335
18415157096619296751
18430954981057292263
18430954981055195111
18439962182440511463
18439962182482454503
18439962181408978919
18439962181408978919
18439962181408978919
18439962181400389607
18439962181383546855
18439962182457419751
18439962182457419751
18439962180320421863
18430954981069875175
18430954981065680871
18430919796682975207
18430919798830655463
18430954983208985575
18430954983175431143
10342454730667665383
10362729759053670383
11497566288365178703
11497566288366227295
4548370777691590607
4548388367537213327
4548388367537475487
4548388367537475359
4548388504976428831
4548388504976428959
2251588128488767295
9187202377979756415
16412110036429435895
522276819286622195
18446744073709544435
18446744073707714559
18446743970227683327
18439962251629690879
17854511926617309183
16701590422010462207
16710597621265203199
18444465782537584639
18446744038945587199
1587224
1849400
1849400
68171864
17448319064
4398046525496
562949954606088
281474981041160
562949953463400
0
0
0
134217728
34359738368
68853694464
34359738368
34493956096
17661039738880
68988960768
103079215104
103213957120
34762391552
69122129920
8865080934400
120661737472
103213959168
26491765129216
6887461535619072
2278291441990712
8830856992792
8830588557336
8830588033048
8830856468504
8830856468504
8899643054104
26457469884440
17661308704792
17661308704792
17661107378200
17643860400152
17695400007704
22093446518808
22093446518808
1147993353361432
22093446518808
22093446518808
2278257216460824
6781891203569720
6781891740448824
6781891742543928
6887823754948664
13563783485087856
13563714764562544
13705003887779952
13775372631957616
49804167503442032
26629739966688
211934095900800
16777216
201326592
469762048
939524096
0
0
0
551779623072
828380567124
35529509538568
13871298888829893089
13898355036114776288
2337491568307495024
13563722358126712
13563722291017848
13563722291017848
13563722358126704
15815625251027056
15815625250994224
13572587153029168
2319477169085182000
2319406731621593136
2319406731613204528
2319415458986750000
3472336894870499376
1159703362950475832
6782134439974936
583225051319897116
6781893887924248
15788991237855256
6781928348325912
6781997051025432
6781860166048792
6781790305458200
6781790305459224
6781789231651864
6781789231651864
6781790271839256
6781790290975768
6781790892866584
6781791983402008
6781791985482776
6781789846387736
6781789835639832
6781791999900696
15789127586298904
15789127597046808
1745206431440518168
1736199232177388568
1745206431432064090
1745206431440452698
1745206431440518234
1745206431440518234
1745206568879488536
1745207475109134104
16701536884234896293
16701536952954110885
16701536935774503716
16701536901397988132
16701396095190156068
14395692994550547236
9504679344514253604
9792934611645612965
9774928593087088549
9774788117591744804
533395634909184256
8584003285105606912
2865134346275192834
4278190080
4278190080
4278190080
0
2147483648
690424381440
965302321280
327495467104
4611686277736091744
9259401092110758008
54043458077270064
2323857665438595120
2323857527984894008
1152921625138042936
1152921625138042936
206430550072
1152925971642322968
1153493353734084624
2305851839801464832
6917537858295695360
6937804022192015360
6937804056618862592
6917537927216498688
8070459431824398336
6935552325458593792
6917537926948063232
4611694849283328000
20275028910671872
2278222855669760
17695400003584
22570877909997568
4616224836921604120
4503634390293016
4504115964550168
6755915778235417
6755502689622298
6755503209724186
6756052965538074
1159677012111866138
17940362863829325848
4340518681881501792
584373791968083984
2266086460228624
6781909570849920
6786309215357952
6786315123105299
291624703288614658
217020535761470211
1704303404650127
1696572446740239
289926948598517519
146093239676899087
1978051601043215
145811760405155599
1696606807002638
1704303388397070
292186479353794062
292186479353663006
868084273113734686
3390945870224926
292186479622229518
3956103202082318
1704303389449758
1696572447792927
1696572330950431
1978051604725567
1978051602628479
1696709768265599
1696606807002654
1704303388409470
292186616792759934
292186479353675390
3393144658599550
3393144893488766
3956103202094718
289934645046152830
1695507161235071
1705368405622655
1978051601055615
1978189039994687
1978189040009023
1705505844510335
289934645045628542
1704303254191742
1704303254208126
3956103202094718
3956094578597502
3393153218150014
289934645047230078
289934645046152830
1704268895501951
1705368406671231
852151627095935
869726633008959
852134446964543
72909728484755263
284786447024903
282587423768835
1112447058177
3311436628225
4311810305
34359738368
34359738368
34762391552
103213432832
17661040263168
69122654208
8830722244608
34629222400
121198608384
121198608384
258704670720
240987930624
258167799808
69122654208
103482392576
103483441152
17661309747200
17661846618112
1010302976
741867520
775421952
69495160832
70585679872
4503670481625088
1155191792098816000
4522020733663232
1446949541138889728
1736305877326970624
1736305877326970630
1737431717112659727
1304386863489842959
1302132503758241663
1158016756866875391
3463288010302619647
3463285809193351423
1743202091978759420
1880588440573582492
7064985265051676
7064573619280157
4817036023765277
4812638916776216
4531196152320280
4531196152320280
4533397323059480
4533397323059480
6782995966005528
6783132868088088
6787805792507960
6787668353562684
6787805792516156
6786707354630206
4532678437122618
9071393486561904
27715264550421220
9278792666056000708
9281009005541721228
913258807818980360
4038616211725749256
1737294463313385496
4051049695573194808
8680820740569200760
17940362863843014896
17361641481138401520
17361641481138401520
17361641481138401520
17361641481138401512
17361641481138403560
17361641481138399464
17361641481137875176
17361641481003657448
17361641446643919080
17361641446643919080
17361632650550896872
17361632650550896872
17361632650550896872
17361632650550896872
17361632650550896872
17361632650550896872
17361632650550896872
17361632650550896872
17361623854457874664
17361632650550894824
17361632650414581992
17361623854323654888
17361623854321035496
17361641446509175016
17361641480466786528
17361641481272097000
17363902077178800360
17363902077179848936
17363902111539591416
17363902111539591416
17363902111539591416
17363902111539591416
17363902111405373688
17940362863708271856
17940354033255511280
17940345236894052576
17940353964267593968
17940358431300972788
17940358491498935540
17938106661619954936
17363888878475869424
16195173782284980432
9223442941400334400
1030792183808
824633720832
0
2147483648
1082130432
1623228416
137982165184
17799151902816
17661713981472
2269460988694544
2269495348434968
2269495079999512
2269495482652696
2278291441981464
2278291576199192
2278291576199192
2278291576200216
2278291576200216
2278291576461336
2278291576461336
2278291576461336
2278291576199192
2278291576199192
2278291576199192
2278291576199192
2278291609753624
2278291609753624
2278291609229336
2278291609229336
2278291575674904
2278291609229336
2278291609753624
6781891237124120
6781891237124120
1159703395843971096
6781899826542616
6781899827058712
580990852318894104
580990852386002968
580990852318894104
4530091425536024
4530091429730328
4530091425536024
4530100015470616
4530100019664920
4530100019664920
6781899829155864
583242653210515480
583242653210515480
6781892346517528
6786307033929752
6821628777863192
15828827495733272
16954727402575896
2611028112767981592
3763949617978808344
4480094535090444312
7961940271912729624
16645303666537544764
17832002619338291774
9218868437218917978
17289318969474285176
18446744073709551615
18446744073709551615
18446744073709551615
18446744073709551615
18446744073709551615
18446744073709551615
18446744073709551615
18446744073709551615
18446744073709551615
18446744073709551615
18446744073709551615
18446744073692708862
17940932419355344890
17940928025738543090
17940365075801898994
17940646542171895538
17940646550761832186
17940646550845456122
18230007224883412986
17940646550778347514
17940650966072098554
17651290274719790834
17940646550777820898
17941209465967797878
17321796770812053062
18931680106694214
18932229862508102
18650754888164934
18650497248847430
18650905807447622
28260087628097126
2604460090088285927
10395776093807846
6822361863496934
6821812090905702
6821525369286246
6821525363893478
6821525363910246
6821525368235622
592289476926400102
584408177981007460
1446847609699050596
1446847609699050596
1446847609699056740
293926105092209764
293926105092209764
293926105092209764
289422505464839220
291727013117178934
580010450402295356
872605750147366460
2035132628482293308
4340976597064416828
9115144282153815678
9114861742831064638
13618593810236522252
4359179839937149460
4341047826163973632
4485373295817793024
4557430888796720640
2242545288990818304
506521947236991104
506518075332395136
506518071037427840
506447700145782976
506447978240721088
506447428484874432
506482610709479520
506412241965310048
506412241965310048
506412241967407200
506412105065324640
506412105065308256
506412103991566432
506412103987372064
506412103987372080
506412103988420640
506412104255807520
506412103987372064
506412207066587184
506412207066587184
506412207066587184
506412207066587184
506412172706848816
506412172706848816
506412172706848816
506412172706848816
506412207066587184
506412207066587184
506412207066587184
506412207066587184
506412207066587184
506412207066587184
506412207066587184
506412207066587184
506412172706848816
506412172706848800
506412103987372064
506412104255807584
506412103987372128
506447426874269792
506447426874261728
506447426337423584
506517797233279168
506522469083938944
1085093731800973312
1085101428382367744
2170202856764735488
4340374927203893248
8968980230559498240
8680811427058941952
17361499708832416001
16204197758507287042
16204162582758818820
13889316755224397832
13889250818886469640
13871236386017777688
13871227590058971152
13871227658778447888
13871227658778447888
13871227658778447888
13871227658778447888
13871227658778447888
13871227658778447888
9259541640351062032
9259400902862704656
9259427291141771280
26457268031504
26457268031512
26457268031512
26457268031512
4521260802904080
4530056895926288
4530194336987184
4565379245946928
4565379245946928
4565379245422640
4530194873333808
4530056895936568
6781891069351992
61814112532604
13642981810536446
6782045892082812
30915679886910
4428363925279
12935431939
16843123
2109496
272119868
9223407462015048732
9259418529542179870
13889242022860817934
17361623819445469699
18229723537947615681
18446744069397740792
18446744073709551615
18446744073709551615
18446744073709551615
18446744073709551615
18446744073709551615
18446744073709551615
18446744073709551615
18446744073709551615
18446744073709551615
18446744073709534653
18446744073709534653
18446744073709534509
18446744073709530541
18446744073709530541
18446744073709534653
18446744073709534717
18446744073705172477
18446744073705221548
18446744073662758317
18446744073541631165
18446744072488859069
18446743788995788287
18446743788995870207
18446743789112262079
18446655767784058810
18446655630346022842
18446655767802015678
18446655767734890493
18442222803139668861
18446585660982672125
18442082069978807037
18442082061657307901
18446040303315975933
18443929034836410109
18425842034434620669
18428093834249354493
18426433847503994108
18444165542158196447
18148323268566703067
18440527348696477177
18443635698284426487
18157383369472340721
18005938836885731833
18005938841180697585
18152571910884160499
17578609154375021555
17866874302649332723
17863501017282766823
17289182371931219911
14956431010490732238
16127054703558053516
13807927114575224220
9186053622108748601
18435457755293149159
18446620721979322319
18446479709343571919
18446354978103533214
18446247902926650428
18410004414396463224
18121213295938074736
17830726704611684449
18408436469987766337
18439821548096577537
18446717581947036832
18442213982453884640
18442187491028496096
18442187490489257932
17280258778037735368
16113773499470255896
9187131581416808319
18446744073703260031
18446744073701163007
18446744073302933889
18446744037231936451
18446744073302950851
18446744073298625475
18446744073298625475
18446682242349778887
18429718701005055983
14098421495277535231
2604246325671050623
155629403196
39738048003196
39738048003132
4638839799115692088
8104364402414205056
8681951055371567104
18446462593406107712
18446744070429852611
18446744073705587073
18446744072766063491
18446708629550909383
18438794061392897983
16709944122690715583
4910089076580302141
4828618570812
1801274925792316
921100507504196668
1736164286158878776
867004759561238648
576522583595825272
576522566415431736
288256833421850680
578739009385675824
17661309235248
13528460057645056
68988964864
206698455072
35391610576928
275955859520
275955859456
70644700037120
70644700037120
32896
4295163904
72340172871565312
144690262772416512
289378326521578496
289369521939808256
2260699188035584
26422841968640
240788183040
9893192415280
9893326633008
9225633728430631024
9802094480461441144
10090465594896329976
10090465594896297080
10090329257534954584
11243250351047972872
13554739889343103000
13563747097189882880
18391641207726873628
16140474988690882325
18446742409392947005
18446742420130297791
18446744069393022975
18446744073558556415
18446744071427784695
18446744039349286903
18446744073709025279
18446744073709025279
18446744039349813247
18446744039348760559
18446726412534542303
18446726412534542335
18446717616441520111
18446726412534542319
18446726412534542319
18446743866744754119
18446708751090567119
18446708751090042823
18446708476212135887
18446638106658441095
18437630907403700103
18437630907403702151
18437630907403702151
18437630907403702151
18437067957316063111
18437067957316061063
18437630907268958087
18437630907336066951
18437626509289554823
18437626509289292675
18437613315133309571
18365272038471925899
18148817781398274185
18148250356088341379
18148314368989839819
17863461709738656207
17863501292694136775
17868013860280321007
17287049508349527015
17287049508484007919
17289266123384522727
18433180291301869455
16131788311313227663
11510953943559544735
4557501533498851135
9187342961732452223
18446744071562035071
18446744073700638719
18446744073566420991
18446735243122046975
18446735243122046975
18446735243122046967
18446744073709286387
18446744056462310395
18446739658415799291
18446739658415799291
18445613758508956667
18445613758508956667
18445613758508956667
18445613758508956667
18445613758508956667
18446739658415799227
18446739658415799291
18446739658415799291
18446739658415799291
18446739658415799291
18446739658413677531
18445613620531026907
18446739520439966683
18446739519095692251
18446739519095692251
18446739519095692251
18446739519095692251
18446739519095692251
18446739519095692251
18446739520433675227
18446739657876823003
18446739657876823003
18446739657876823003
18446739658413693915
18446739657876823003
18446739657876823003
18446739657876823003
18446739657876823003
18446739520437869529
18446739520437869529
18445613620396792795
18445569536851938251
18443317736768783299
18443317735697138627
18443317735697138627
18443317735697138643
18443317735697138643
18443300143511094227
18155069767359392707
17569601815798989251
18446728135115374847
18446744073072017407
18446744073709551615
18446744073709551615
18446744073709551615
18446744073709551615
18446744073709551615
18446744073070444543
18446717529096716287
18446717530172555263
18446743918486749183
18446743918486749183
18446743918486749183
18446743917379452927
18446716695859953663
18446604539227537407
18411559805112090623
10304535256053637375
216199411858981104
72084105203597536
16267213615757313732
17937907685032461316
8660439676023736328
4041980665968723976
1736137656753979416
1736137656753979408
1736137656753983512
1736137656753983512
1731634057126610952
1731634125847660552
1729382325898708992
1729382359989487616
1729382359990011904
1729382360124229632
1729382359990016000
576460855652126720
103348703232
17695534747648
17695534747648
17695534747648
103348703232
103080269824
103079741440
103079741440
4565413200926744
13577251019823128
13572852839092248
33900627571513360
8714598288465606704
17938111028650326064
17940362828464011312
17938111028650326064
17938111063010064432
17938111079988082736
17938115443742488624
17938111045830195248
17938102169260618096
17357120096302260720
9259544350181212800
1139699603999748
579870322763504648
583278810958927896
4051120875531409416
6971721791244861440
13871095682888105984
9223372071348731904
34493956096
34494480384
8830588551168
8830587508736
8830587508744
8830587508744
8830588557320
103483447320
17695534749720
17661175011352
17661175011344
17661175009328
17798613970960
17661711890448
17592458151952
2269392404217856
2260596313030664
2260647582383104
8830587772444
8830923312140
8830587767820
2260630402238492
2278291576199192
6781891205675036
6781891205673016
6781891205675064
6781856711718968
15780259873437752
15815444245526576
15815444245527608
6817075643160600
6781917007321112
6786310758864920
6786293562087448
6786289267128888
6786289267186232
282578833834755
0
63297101478555888
6781891203832860
6781891203832860
6781891203832860
6781891203832860
284786447024899
0
22782294870782192
1156789716129816
1156789716129816
1156789716130840
3408589529816092
3956094578593551
1978051533670151
74035628391727875
14115376085973696899
16422349394214502851
16422349394214437315
16422344996167975363
16422344996172186051
16421219096265474499
16277103908189619143
16421219096265476071
16421216897781458919
16421181712870130647
16421183903303455739
17938086641953666035
18228566610283783910
18301777596280786124
18300933196046715273
18445048366959724937
18155122681291211027
18443335482520703763
17863501291037332263
18439926891349223207
17280258508381957967
17280258577172746063
17280258577172746063
17280258577172746063
17280258577172746063
17280258577172746063
17280258577172746063
17280258577105637199
17280258577101440847
18433180081708287823
16127354664680638287
16127354664680376143
16127337072561440591
16127337072565634895
16127337072565634895
16127337072561439567
16127337038201965391
18419615922488036171
11502086894846938955
2242545324021712799
4548388436317771535
9169116839315205935
9187201881455194095
18230571291459971055
18446744073709547487
18374405004694913023
18302624487587184639
18446744073642442751
18446744073708498927
18446744073707962367
18446744073705349103
18446743935733710783
18446744039079264127
18446744039079223103
18446735208077008703
18445609270589202207
18445608308515475215
4592483906033272775
18436549298413356999
18442213982319666145
18442213982453621217
17868005029762548165
18443357474345042407
18444483443207496163
17287040652279935991
16140872347839363043
18437677234201544647
13834989618935874499
13833863727616870343
18445584930418443207
18427570531908961223
18427535347536872391
18427535364716741575
18427535347000001495
18427535347000002519
18427535347000002519
18427535347000002519
18427537546023258071
18427537563203126227
18427537563203127255
18445551944530642903
18445551944530641879
18445551944530641879
18445481318088688595
18445498893094864855
18445498893094864855
18445498893094864855
18409505280447727575
18157303734601499591
18155122303599364039
17578661551094613959
17579791867368425423
17579800663461185487
17579791867368171503
17579791867368695783
17868022243520407523
17868022243520407523
17863518643893036999
16709396472521278403
16709470671365456835
16709466359218292679
16421235965878013895
16421209506866204615
16421245309612787461
14260011710395123471
14187530954654483207
14298431958106571011
16676405412895653888
17289177678458330630
14987979559880572735
18446744073709551615
18446744073306898431
18446744073306898431
18446744073306898431
18446744073707978751
18446744073707978751
18446744073708503039
18446744073709551615
18446744073709551615
18446744073709551615
18446744073709551615
18446744073709551615
18446744073709551615
18446744073709551615
18446744073709551615
18446744073709549567
18446744073709545471
18446744004720584687
18446726412534542319
18442222778412683215
18442222778412683215
18442222778412683215
18442222778412683215
18442222778412683215
18442187594040594383
18442187594040594383
18442187628400330703
18442187628534548431
18433180429279807439
18433180429279815623
16127337282090035139
16131858473836342211
16131858473836864451
16113844075325277131
11502087688220820427
11502087756940299203
11502087756940299203
11502087482063440787
11502087482331876243
2287722644727890835
4557536855848878871
4557536855704667911
4557571591254781711
4557430716059029263
9187131408409104159
9205207482247356223
18444473647151185919
18444465402969849855
18446735172651974655
18446744073303744511
18446744073709012991
18446744073706917887
18446744073706917871
18446744073573756927
18446744039212437503
18446744039212445695
18446735242316206079
18446735242985205759
18446735174131509247
18444483443038879743
18444483443038879743
18444492273625858047
18444465885212569599
18439962285585201143
18439962216999938039
18442214016811516895
18439962216999929799
18439962216329373639
18442213878702002119
18433215474462347151
18442178694325702543
18446691073268881359
18442187489344479135
18433180341629345695
18419616489427386127
4557430786260696959
4557430632178745215
4557502064061546495
18444438669474398207
18155988254640308223
18446166860706586399
18446743812245028863
18446734192063545343
18446744073709012767
18446744073709551615
18446744073709551615
4548423691167334399
271315420416311295
14404750179510517759
14981215329995194367
16710597586771247103
18444483443308888063
18444483443308888063
17868022691005464575
17868022691005464575
17868022691004940287
18444483443308361727
18446744073709488136
17868022618125238280
17863460851755778056
16709199042474672136
16357073846609641472
144115188075855872
134217728
68719476736
0
35184372088840
17592186044416
68719476736
35184372088832
4503616807239680
0
288230376151711752
1099511627776
2147485698
4489216
4563402753
1112413372673
3311470248704
6627235332871
2307547282402576135
3956068673914374
3956068673914375
584920420738926087
584357470785504775
868647197263267334
866386601356559878
866386584176690702
866386575595146766
866386584110108174
578156242317872654
577593292666440718
577602088725908494
577602088759462926
579853888539594252
1741780384788024844
1746279586368851468
1168816148180372492
15895330802895884
1152983594667871260
9037553343516
8831127525404
26457140632604
17661177108508
17661177141276
17661177108508
17670301816860
17798613964824
55044570355736
13528460057122840
4521260802381880
4521260802381848
4521295162120220
4530121319911484
6781916939300912
4521325798498352
9042797610983520
105829726437568
71196859203776
140740156981248
1056964608
4278190080
4273733632
2305843011243606016
3494793310856216576
12725088458175934464
11013773651334853888
15623084312867143584
15046623560563720064
6363674682829235456
15587046340654170112
17348077766649348480
6949266159401615808
6944656594307236321
6944657144811741665
13853178487438926305
54154733176300001
18135763034153249
106800290537506
9042600034181682
9068988313244210
4535702126760466
4535697278079002
6781861020899608
6781861020899609
6781904511637785
6781904513735065
6781835794258329
6781827204323737
6781827317502104
6781848253894808
2260660735457432
2265058784082072
579851710994348168
579851710725904392
1732773215332751416
579851710994339896
579851710994339880
579851711061448744
579851706766481448
579851706765432888
1732773211372279864
579851706699372600
583246990016018488
583247058735495288
1159703412992407800
1168710594932519152
3474595386129182960
8086282608229511408
8102040742305784032
6952820472742469728
16853562590285119680
17861770635051647425
14105697901124616641
9476560434132779393
217018310867353985
217018310867353857
217020509924295170
217020518497387008
144680345676283904
434041028404576256
289360674239283200
289365106511314944
290482175965396992
578712552117108736
576460752303423488
0
0
0
0
0
0
0
0
0
0
0
0
404226048
406591488
406600704
17582545408
605561880
34361311232
16896
39320
6180
525378
533528
24
36
134223896
402659352
402659352
6168
1579032
1579032
103080794136
34361317400
1579032
1579032
1579032
1579032
1579032
135796760
404232216
17592590276632
26423043037208
26422774601752
26422774601752
8830856993816
8830856993816
8830856993816
8830856993816
13228903767064
13228903767066
13228903502876
13228903504924
13228903504924
26423043045436
26491764619320
2304645899778152
27127564823752944
61036917755017464
9266323911402379416
6781788124387480
6781788124354584
2611028010295114812
2611010418109070396
7961887393353465470
7957374997364637310
17280293971473465343
17280294074552680447
14397990312431583231
15550876632800559103
14406953118031675391
14983413870335098879
14397945918777195519
5136187490372909951
7451037785344671615
8319119807861456767
4268070154530668351
4411622427046428607
2098427962299752351
2097583545959554975
2098146495912992671
940422255518666639
940987404495343503
940987404495327119
940987404495343503
940987404495327119
940986304983699343
940986304983699343
940986304983699343
940987404495327119
868929810457366415
868927611434110863
868929810457366415
868648335480688527
868648335480688527
868646136465821583
1012760220735082383
1012760222882566031
1012761320246726543
1085100389261365135
1085100389252976399
1084814520528916367
2168499777930495943
1735045905981622151
2309272519252376563
6935645814132178425
7008537044139851261
4882842410517741181
14106262619691040316
14088261903861030460
14091639584853986876
14956324684812914188
11499412916659525126
13739989053020015234
18374228470550265984
9113861713554342273
8098005328472865265
4742502480103666813
72092840955215743
9297135020924706686
11390482032087213958
18334012516658645376
18446735900166586369
17361645879182815472
13891565123106827516
35246917287935
508639632654536479
2239167589136152327
9173691149431407873
18445038391652270080
17358250587276761328
14468025875410250988
1157566395756509175
9013861010897919
2057250899042303
508712483856125727
1085102859899309839
1085102859899309839
1085102859899309839
506381343530616583
217020721971528451
217020728900518659
217020656500540163
217020657832231683
217020589112754947
72340241830183169
72340241563844865
217020519057392387
217020656496345859
217020656496345859
217055703431578371
217020997386306307
10362517816330882831
4557430837057896255
9187201847088086911
18446743970361901055
18446726377923735792
18374405000110600432
17940367278528848096
18156818224252183523
18443353161927476195
18443353127635108803
18444479027544049603
18444483425590560711
18444483426127439815
18439962251493894119
16709454025149900775
13962216307723141505
0
0
0
0
0
0
0
0
0
0
0
0
0
0
0
