0
0
0
0
0
0
0
0
0
0
0
0
0
36170086419005440
13871228142779138176
16204198715727069376
13898355704898551936
13889312913249828864
13961653356670844928
14088253333139718400
9476562641788011265
9765923333140054851
9765993701884233475
9784008375271655299
14395694394772792227
14395694394709885891
14404736915775669185
14403611016405705665
16710579908348462017
16421223632289916353
16425740494776296417
16421236826429449185
16422367141562663875
16710579925528331203
16710579925593342919
16710579925593342919
16710579925056735175
16712840555323180999
14404745746295801799
16712840521500313543
16710588721686628295
16710579925596760007
17863501430202299363
17863501430202295267
17863519022388339683
17863519091107816419
18439979843411239907
17287058270084916195
16710597517916496867
17287040678033876967
17287040677897031655
17287040677897029575
17287049473990051783
18439971012956637159
18439971012956637159
17865762026107160519
17863510226565064647
17863501430202557415
17863501430202299363
17863501430202557411
16710579925593605059
14395729717125171075
14395694532216203143
9768184205003427655
10344644715844964111
11497566220720246659
16109252239148682115
16113755838776066951
16113755838775788423
18433109646874755975
18433109646874756999
18433109646874756999
18433180015618934727
18433180015618934727
18433109646875805639
18433109646875805639
18433109646875805575
18433109646875805575
16109252239147911047
16109252239148156807
16109252239013939079
16109252239013939079
11497566220586551047
11497566220586551047
11497566220578162567
11497566220578162567
11497566220578162567
11497566220578162567
11497566220578162439
11497566220578162439
11497566220586551047
11497566220586551175
11497566220586551175
16109243442652481415
14956330734138656519
14956321938044585863
14956321938178541447
14956321938179081095
14377609386061974407
14395623750213013385
14107463742805483295
16125076375866416927
18415095248092872479
18419475150775729967
9169081585415175999
9169117183182061375
18410573987114723079
17289111449593397055
18446744073709551551
18446744073709551615
17868031521592442879
18439962285989429247
18446717582351269887
18446726378041638911
18446744004586373119
18446744073439543295
18446744073439539199
18446744073439539199
18446744073439539199
18446744004585848831
18446743970227683327
18446726378175856639
18446717581948616703
18446717444643880959
18446717581948616703
18446717444509663231
18446726240065814527
18446743832250810367
18446743866610548735
18446743866610548735
18446743832250810367
18446744004049502207
508695304429633535
17940317917531865088
17940317917531865088
17940317917531865088
17940317917531865088
18445756978790924288
5742089524612694016
567347999930112
282589520723776
72905351862681591
2238024097999028223
18175469813961128703
17938106099046605048
17938084606894985424
17938084606894989440
17938084468785996000
18228566782190350560
18228584374644830432
17940353964670247136
18228584409407217888
17075671700893393120
18192568806527787232
6986348529617756384
2374589943422939376
33844002456400112
13572854187618528
6781994691223803
4530194884915200
17798898032640
17661726556160
17662851678208
17662985895936
17662784569344
17660905521152
17660905521152
17798344474624
17798344474624
17815524343808
17815524343808
17815524343808
17849884082176
17849884082176
17832704212992
17832704212992
17849884082176
17815524343808
17815524343808
17798344474624
68719476736
68719476736
68987912192
68987912192
68987912192
68719476736
17660905521152
17798344474624
17815524343808
17832704212992
17832704212992
17832704212992
515396075520
13511795314524160
9043208260550656
9043072969080832
36012763906048
35325569138945
35323421655811
35323421722375
35323421722375
35323421722375
35323421722375
35322347980551
35322347980551
35322347980551
35322347980551
35322347980551
35322347980551
35322347980551
35322347980551
35322347982607
137975893775
137976418063
137976418063
137976418063
137976418063
137975893775
52777095073551
52914534024975
17730161936143
137439153935
137439153935
137975891215
35598299627783
9042797554302977
9043349472280576
4674807609824411648
4674948347310686400
13871298991481716928
13835199723302551552
13835199824234283008
141804385599488
1066896719872
794032078848
793630474240
18591839682560
27353573490688
273503517411328
2048
67633152
34426847232
0
34359738368
8796093022208
293634553413631
18446744073709551615
18442240474082181119
14983475960261640191
18446744073709551615
16140901064495857663
16131893865241116671
14978901991890092031
18446744073703235567
18446726412265062399
18446735036561489919
18446743970563227647
18446744039282704383
18446735260369289215
18446744056462309887
18446744056496127485
18446741866062675453
18446741866062675453
18446741866062675453
18446178916109254141
18446178898929384953
18445050799931914745
18445613758475401721
18445613758475402233
18445613758508956667
18445604927921452019
18443357526154540019
18444483443241252855
18444465782134405111
18439962182775465959
18439970978599004135
18442222812772427751
18442222812907171823
18442222675468218351
18442222812907171823
18442222812907171823
18442222675468218319
18442222623928602575
18442222623389634511
18433215424134893519
18433215424134893519
18433215424136990671
17289265925820764111
18433180291302412239
18433180291168194511
17280258786695040911
18433180291302412239
18433180291302412239
18433180291302412239
18433180291302412231
18433180291302393799
18433180291301885903
18433180291301625807
18433180291100823503
18433180359820562383
18437683908109651919
18433180256942673871
18419607644887027599
18415104044185915279
18417355809639862159
18419616474391318287
11461413795207253775
2238041758889346831
2242527748547352327
2242527731299849991
2242527765659584263
2238024166099584775
11465899802583828231
2242527731235358471
2242527731232737039
2242527749086058255
4557395687178974991
9169188103433742191
9223371967731066831
18446735242852296647
18444492204771895239
18428659099354779599
18442222778412689351
18446744039146645447
18446739640898806727
18446743970226095887
18446744073303213839
9187343238747850511
4548423689137751839
2242669055049961375
10344715359390650319
18415157096619296751
18430954981057292263
18430954981055195111
18439962182457288679
18439962182482454503
18439962182482720743
18439962181408978919
18439962181408978919
18439962182482458599
18439962181400389607
18439962181383546855
18439962182457419751
18439962182457288679
18439962180312033255
18439962180324616167
18430954981069875175
18430954981057161191
18430919796683171815
18430919798830655463
18430954983208985575
18430954983175431143
10360469163541080039
10342463560730503151
11497566495601553263
11497566288365178703
11502069887985209311
4548370777632870287
4548388367537213327
4548388367537475487
4548388367537475359
4548388367537475359
4548388504976428959
4548423672159215519
4557431103074287423
18444460693537423359
14053209133692220407
522276819286622195
18446744073709544435
18446744073707714559
18446743970227159039
18446717582217052159
18430955086734688255
16701590422010462207
16701590422010462207
17863501533686005759
18444465782537584639
18446743969690812415
1587224
1849400
1849400
1063000
17248041048
17448319032
565148976683064
562949954606088
281474981041160
562949953463400
562949953421312
4398046511232
34359738368
0
0
268435456
68853694464
103079215104
34493956096
68853694464
268435456
103481868288
103213432832
34762391552
104018739200
69122129920
2251903161335808
120661737472
35287585521664
103482920960
33501149134848
6808279551973400
6782028642523192
8830856468504
8830588557336
8830588033048
8830856468504
8830856468504
8830856468504
8899643578392
26457468835864
17661308704792
17661308704792
17661107378200
17643860400152
17695400007704
22093446518808
22093446518808
1147993353361432
1147993353361432
22093446518808
26491493029912
2278257216460824
6781891203569688
6781891740448824
6781891742543928
6782269564923960
4643334569166139504
13563782411346032
13564264520376432
13705003887779952
13775372631957616
2373661577374101616
26629739966688
106516812185792
0
100663296
201326592
469762048
939524096
0
0
0
1614856384
550811232360
71334437967632
36170326726865602
13889348093381690304
6980826077630953968
2337491568307495024
13634091102304376
13563722291017848
13563722291017848
13563722358126704
13563722358126704
15815625251027040
15824421343754288
13572587220203568
2319477169085182000
2319406731621330992
2319406731613204528
2319415458986750000
3472336963593580592
1166485151781951536
6781859421564984
6782082430343196
583242712228567064
6781893887924248
15788997646751768
6781928348325912
6781998124767256
6781860165720088
6781790313846808
6781790305721880
6781789240106008
6781789231651864
6781789231651864
6781790271839256
6781790290975768
6781790364384280
6781791949569048
6781791983385624
6781789837999128
6781789837999128
6781789839834136
6781791999900696
15788990147345432
15789127597046808
1745206431440518168
1736199232185777176
1736199232177323034
1745206431440452698
1745206431440518234
1745206431440518234
1745206431440518234
1745206568879488536
1745207475109134104
16701536952954373029
16701536884234896293
16701536952954372901
16701536935774503716
16701536832678511396
16701394720800359204
14395692994550547236
14116506100429996836
9792934611645612965
9774928588792120229
9765920839781566372
9779285120149324032
5126222834191925504
7422356056220729600
72058152375287874
4278190080
4278190080
4278190080
551920074752
551903297536
277025390592
552985427968
18015363815997568
36029330672861408
4611686277736091744
9259401092110770288
54043458077270064
18014661056737328
2323857665421752376
2305843129744898104
1152921625138042936
1152921625138042936
68991594552
1152925971642322968
1297063149951260672
2305851839801464832
6917537858228586496
7061723380688881664
6938929956525703168
6917537858228586496
6922041526576482304
8070459431824398336
6935552325458593792
6917537926948063232
4611694849283328000
2317110838869624832
1155234912640043008
2269426494343168
17695400007680
4634256827617908736
13839667242520557592
4503634390293016
4504115494787096
6755915778235417
6755502924504346
6755502706407706
6756052965538074
1159677557572385050
1159685803892807704
8716995225030013104
4340518681881501792
1737296672575078480
2266086460228624
6822041736875281
6781908486589440
6786315659910656
7914414606851859
292205176706502411
72346795778705159
1704303404650127
1705402899500815
289926948598517519
146093239676899087
1978051601041167
1696576624332559
145811760405679887
1837344295357966
1704303388397070
292186479353794062
292186479353794078
868084273113734686
3390945870224926
3393144893607438
292186479353794054
3956103202082318
1704303389449759
289926948599570207
1696572330950431
1978051602628415
1978051602628479
1696576624344959
1696572866694718
9225067544150150718
1704303388409470
292186616792759934
292186479353667198
3393144658599550
3390945870233214
3956103202094718
1704303388409470
289934645046152830
1704268893994879
1705372700589951
1978051601047423
852289066049343
1978189040009023
1705505861287807
289934645045628542
1704303254191742
1704303254191742
3956103067893374
3956103067864702
3393144625069694
1704303358017150
289934645047230078
289934645046165118
1704268895501951
1705368406605695
1978051601055615
144967322523076359
852134446841663
852134446833471
72909728484755207
284786447024903
282587423768835
1112447058177
3311436628225
3311436628225
34376581120
34359738368
34359738368
34762391552
103213432832
68854218752
69122654208
8830722244608
8830722244608
4502067347456
121198608384
121198608384
241524801536
240987930624
240987930624
69122654208
103482392576
103482392576
34763964416
17661309747200
17661913726976
1010302976
741867520
775421952
69495160832
70568902656
4503670481616896
9007819864809472
1731661340495261696
1157443731498940416
1449201375312313856
1736305877326970624
1736305877326970630
1737431717112659727
1304949813443264271
1304382327987633983
1302132486444154751
1158007960706547711
12688911844857675775
1743192226514401535
1743202091978759420
1876119887879347422
7064985265051676
7627523572701213
7064438327810333
4817035889547548
4812673276514584
4531196152320280
4531196152320280
4533397323059480
4533397323059480
6782995966005528
6783132868088088
6787805792505912
6787805792516152
6787668353562684
6787805792516156
6788768938865214
4532678437122618
13575063976698480
27715264550421220
4675990701581042884
9281009280419660932
9555667010160165896
597866096414690312
8650302230153137160
1736168563407591448
4051049695573194808
8680820740569200760
17940362863843014896
17361641481138401520
17361641481138401520
17361641481138401520
17361641481138401520
17361641481138401512
17361641481138399464
17361641481138399464
17361641481137875176
17361641481003657448
17361641515363395816
17361641446643919080
17361641446643919080
17361632650550896872
17361632650550896872
17361632650550896872
17361632650550896872
17361632650550896872
17361632650550896872
17361632650550896872
17361632650550896872
17361623854457874664
17361623854457874664
17361632650416677096
17361632650416679144
17361623854323654888
17361623854455251176
17361641446509175016
17361641480330469600
17361641481003657448
17363902077178800360
17363902077178800360
17363902111539591400
17363902111539591416
17363902111539591416
17363902111539591416
17363902111539591416
17363902111539591416
17940362863708271856
17940362863708270836
17940354033255511280
17940362829079044336
17940354032987074800
17940358431300972788
17940358491498935540
17938106661619954936
17938106584176850164
17357093758503545056
13871263317217026208
9223372552250867712
962072674304
824633720832
0
2147483648
1082130432
1086357504
1616953472
206701617216
17799151886432
17661175009328
2269495348432912
2269495348434968
2269495079999512
2269495482652696
2269495483176984
2278291576199192
2278291576199192
2278291576199192
2278291576200216
2278291576200216
2278291576461336
2278291576461336
2278291576461336
2278291576330264
2278291576199192
2278291576199192
2278291576199192
2278291609753624
2278291609753624
2278291609753624
2278291609229336
2278291609229336
2278291575674904
2278291609229336
2278291609753624
2278291609753624
6781891237124120
6781891237124120
1159703395843971096
6781899826542616
6781899827058712
4530100014946328
580990852318894104
580990852318894104
580990843728959512
4530100019664920
4530091425536024
4530091425536024
4530100015470616
4530100019664920
4530100019664920
6781891239221272
583242653206321176
583242653210515480
583242644687689752
6782166148585496
6786307033929752
6821628777863192
15828827495733272
16954727402575896
2611028112767981592
2611028113371961368
3908064806057023512
3332239580064398360
7962081010474826812
16645303666537544764
17832002619338291774
9218868437218917978
18442240474082180632
18446744073709547262
18446744073709551615
18446744073709551615
18446744073709551615
18446744073709551615
18446744073709551615
18446744073709551615
18446744073709551615
18446744073709551615
18446744073709551615
18446744073709551615
18446744073709551615
18446744073642442750
18446742969886113778
17940932419355344890
17940928025738543090
17940365075801898994
17940646542171897586
17940646542171897594
17940646550761832186
17940650966004727546
18230002826836901882
17940646550778347258
17940650966072098554
17651290274719790834
17940646550777820898
17940646550642550518
17362469904948848198
18931680106694214
18931680106694214
18650757033289286
18650480001869382
18650497248847430
18650905807447622
28260087628097126
2604284168211064551
10386704701875942
576527719016441062
6822361863496934
6821526476568166
6821525365075686
6821525363893478
6821525363910246
6821525368235622
583282277671659110
16954624529802854
1446847609699050596
1446847609699050596
1446847609699050596
1446847609699056740
293926105092209764
293926105092209764
293926105092209764
289422505464839292
21511035474949174
904146468606983732
584514050029665848
2025597659888172604
2035132488904244796
4340976597064416828
9115144282153815678
9114861742831064638
18374227375492316974
4359179803295709700
4359061127309458960
4341047826147196416
4557430888798821888
2251587879046155776
2242545288990818304
506521947236991104
506518075332395136
506518071037427840
506447702293250176
506447976093237440
506447428484874432
506447426337390784
506482610709479520
506412241965310048
506412241965310048
506412241967407200
506412105065324640
506412105065308256
506412103991566432
506412103987372128
506412103987372080
506412103987372080
506412103988420640
506412104255807520
506412103987372064
506412172706848816
506412207066587184
506412207066587184
506412207066587184
506412207066587184
506412172706848816
506412172706848816
506412172706848816
506412172706848816
506412207066587184
506412207066587184
506412207066587184
506412207066587184
506412207066587184
506412207066587184
506412207066587184
506412207066587184
506412207066587184
506412172706848816
506412172706848800
506412103987372064
506412103987372064
506412104255807584
506412103987388512
506447426874269792
506447426874261728
506447426337423584
506588165981651136
506522469083939008
1082842483899007104
1085093731800973312
2170187463601946624
2170202856764735488
4340374927203893248
8968980230559498240
8680811427058941952
17361499708815573249
17357120354019115779
16204164773158453762
16195159781550588932
13889250818886469640
13889250818886469640
13871236386017777688
13871227590058971152
13871227658778447888
13871227658778447888
13871227658778447888
13871227658778447888
13871227658778447888
13871227658778447888
13871227658778447888
9259541640351062032
9259400902862704656
9259427291141771280
9223398494122807312
26457268031512
26457268031512
26457268031512
4530056895926288
4521260802904080
4530056895926288
4530194336987184
4565379245946928
4565379245946928
4565379245946928
4565379245422640
4530194873858096
6781891069351992
4530091389892664
61814112532604
13642981810536446
6782045892082812
2282706869959743
13254521720607
30182672143
4345496323
12401
3160120
272119868
9223407462015048732
9259418529542179870
13889242023129252878
16204198576732374531
17940362829347586819
18374401693224333793
18446744073709551614
18446744073709551615
18446744073709551615
18446744073709551615
18446744073709551615
18446744073709551615
18446744073709551615
18446744073709551615
18446744073709551615
18446744073709551615
18446744073709551549
18446744073709534653
18446744073709534653
18446744073709534509
18446744073709530541
18446744073701141932
18446744073709534653
18446744073709534653
18446744073709501949
18446744073704123900
18446744073705221548
18446744073662758317
18446744073541631165
18446744073529046205
18446743788995788287
18446743788995788271
18446743789130087935
18446673351413854124
18446655767783796650
18446655630346022842
18446655767802015678
18446655767734890493
18442187618767581053
18442082061360544509
18446585660982687997
18442082069978807037
18441519111770996477
18443788503502290685
18443929034836410109
18425842034434620669
18428093834249354493
13816445474090368253
18444200726530351102
18437679561656235727
18436544917075385291
18441657620947134445
17867740094924256499
18157383369472340721
18005938836885731833
18005938841180697585
18152588403558577139
18157321766621672435
17578661518616294387
17866896292277909475
17287039835481565159
17289259337879906247
14956431010490732238
16127054703558053516
13807927114575224220
9187109152180878137
18444465091986847603
18446716927099269095
18446655905815580623
18437418702738546334
18446355526250831516
18446247902926650428
18410004414396463224
18121213295938074736
18443211855887560800
18408313359044931649
18408436469718052929
18439821479377100800
18442213982588101856
18442222812906383072
18442187491028496096
18442187490489257932
17280258778037735368
16113773500686638872
18410503342320979833
18446744073707405247
18446744073694838655
18446744073705604035
18446744072694628803
18446744037231936451
18446744073302950851
18446744073298625475
18446744073298625475
18446743831107060679
18442178367844763599
17276797197001670591
11936128069896486847
10172940305596287
155629403196
39738048003196
39738048003132
9122064870833208
8104289360812718288
8104366602580918272
8971028063454232576
18446744069821875138
18446744073692824515
18446744073705587073
18446744072766063491
18446708629550909383
18444426043411892207
17566263570215976895
11863607323119140671
307480625866619964
7010461957180
145913989100485692
921100507504196668
1736164286158878776
867004759561238648
578774383409508472
576522566415431736
576487381909125176
288256833421850680
2269461056335928
17695668965424
13528460057645056
68988964864
206698455072
35391069511712
275955867744
275955859520
275955859456
70713419513856
551911735360
32896
4295163904
72340172871565312
144690262772416512
292186483513884672
289369521972838400
2260699188035584
2278222654603264
17695401318400
240788183040
9893192415280
9893326633008
2261692649601136
9225633728162195568
10090324856881589368
10090465594896329976
10090324857475042392
10090329257685949528
11243250351047972872
13554739889343103000
13563747097189882880
18391641207726873624
16049840045116307997
18437521904840392467
18446707227134785469
18446744066176516095
18446744069388828415
18446744073558556415
18446744071427784695
18446744039349286903
18446744073574807551
18446744073709027327
18446744073709549567
18446744039349809135
18446744039080325119
18446726412534542303
18446726412534542335
18446717616441520111
18446726412534542319
18446726412534542319
18446743866744762311
18446708751091091407
18446708751090042847
18446708751090046927
18446708475138394055
18446638106658441095
18437630907403700103
18437630907403702151
18437630907403702151
18437630907403702151
18437630907403702151
18437067957316063111
18437630907268958087
18437630907403175815
18437630907336066951
18437626509289554823
18437626509289292675
18437613315133309827
18365273142278520970
18292932969474064521
18148254831444852865
18148322890439754115
18143815218948587983
17863461709738656207
17863501292694136775
17868013860280321007
17287049508349527023
17287049508484007919
18442214016274630639
17287014186131883983
17280276447869503375
16131858541813145503
11510953943559544735
4557501533498851135
9187342961732452223
18446743521806196671
18446744073701163007
18446744073700638719
18446744039215071231
18446735243122049023
18446735243122046975
18446735243122046967
18446744073709286387
18446744056462310395
18446739658415799291
18446739658415799291
18446739658415799291
18445613758508956667
18445613758508956539
18445613758508956667
18445613758508956667
18445613758508956667
18446739658415799227
18446739658415799227
18446739658415799259
18446739658415799291
18446739658415799291
18446739658415799259
18446739657872628699
18445613620531026907
18446739520439966683
18446739519095692251
18446739519095692251
18446739519095692251
18446739519095692251
18446739519095692251
18446739519095692251
18446739519095692251
18446739520433675227
18446739657876823003
18446739657876823003
18446739657876823003
18446739658413693915
18446739657876823003
18446739657876823003
18446739657876823003
18446739657876823003
18446739657876823003
18446739520437869529
18446739520437869529
18445613620396809177
18445569536851938267
18443317737038267339
18443317771128521667
18443317735697138643
18443317752877007811
18443317735697138643
18443317735697138643
18443300143511094227
18443300143511102403
17569601815798989763
18442664623606972865
18446741331381387263
18446744073709551615
18446744073709551615
18446744073709551615
18446744073709551615
18446744073709551615
18446744073675997183
18446744073070444543
18446717529096716287
18446717529098813439
18446717530206109695
18446743918486749183
18446743918486749183
18446743918486749183
18446743917379452927
18446743633911611391
18446677106995232767
18446463801734856703
18375548600279171071
216480886299869436
72084241030103280
72084105203597536
16267213615757313732
17937907685032461316
8678454074533218316
4041980665968199688
1736137656755027976
1736137656753979416
1736137656753983504
1736137656753983512
1736137656753983512
1731634057126610952
1731634125847660552
1729382325765539840
1729382359989487616
1729382360123705344
1729382360124229632
1729382359990016000
1729382359990540288
576460855652126720
103348703232
17695534747648
17695534747648
17695534747648
17695534747648
103348703232
103079745536
103079741440
103079741440
4565413200926744
13577251019823128
2319415862589657112
15815856559757328
4645595303053375536
17938102267923675184
17940362828464011312
17940362828464011312
17938111028650326064
17938111063010064432
17938111079988082736
17938115443741964336
17938111045830195248
17361643685618921584
17357138914693050720
13898322592836010720
9259548198471894720
1139699603999748
579870322763504648
583278810958927896
1745277866317723672
4062467350463512576
4647723646033330176
13835066885869142016
34493956096
34493956096
34494480384
8830588551168
8830587508736
8830587508744
8830587508744
8830587508744
8899308034056
17695669491736
17695534749720
17661175011352
17661175011344
17661175009328
17661175009296
17661175017488
4521398243432464
4521192217903104
2278188499337224
2264994359543808
2260647582383104
8830587772444
8830923312140
8830587767820
8830588553244
2260699390150684
2278291576199196
6781891205675064
6781891205664824
6781891205675064
6781856711718968
15780259873437752
15780259873435696
15815444245527608
15815478739737656
6817092856453144
6786310792419352
6786293545375768
6786293562087448
6786289267128888
6786289267186232
1695507295440399
0
0
13572578634905656
6781891203832860
6781891203832860
6781891203832860
6781891203832860
284786447024899
0
36240455167426752
1156789716130840
1156789716129816
1156789716129816
1156789716130840
3408589529816092
3956094578593551
1978051533670151
852134446957315
14106333427460571523
16422349394214486467
16422349394214502851
16422344996167909763
16422344996167991747
16422344996172186051
16421219096265474499
16277103908189619143
16421219096265476039
16421219234243667943
16421181712870393799
16349124118832206803
17357967819026977779
17938086641935824887
18228566610283783910
18301777596280786124
18300933196046715273
18445048366959200649
18445604857290164505
18443353074622992659
17868004890731680531
18439962213159741223
17289256911677630255
17280258508381957967
17280258577172746063
17280258577172746063
17280258577172746063
17280258577172746063
17280258577172746063
17280258577172746063
17280258577105637199
17280258577105637199
17280258577101440847
18433180081708287823
16127354664680638287
16127354664680376143
16127337072494331727
16127337072565634895
16127337072565634895
16127337072561440591
16127337072561439567
16127337038201965391
18419615922488036171
11502086894846938955
11465917360339617695
4548388471749150479
4557430819814588175
9187131306544189231
18446743521393635311
18158513697557833679
18446744073709547487
18374405004694913023
18302624487587184639
18446743953450467327
18446744073708503039
18446744073441107967
18446744073709537279
18428659030504243199
18446735208894939007
18446744039079264127
18446744039079223103
18446735208077008703
18445609304948940607
18445608308516527903
18409351399349391247
18427541961315436487
16140839388361253827
17289292477712557025
18442213982453621217
17868005029762548165
18443357474345042407
18443353145252897255
18446717556327838711
17289292451842094071
18446680172680959975
18437677234201544647
13833863727616870343
13833863727616870343
18445584930418443207
18427570531908961223
18427535347536872391
18445549763226223559
18427535347000001479
18427535347000002519
18427535347000002519
18427537546023258071
18427535347000002519
18427537546023258071
18427537563203126227
18427537563203127255
18445551944532740055
18445551944530641879
18445551944530641879
18445481575786726359
18445498910274734035
18445498893094864855
18445498893094864855
18445498893094864855
18409505280447989719
18157303735675242455
18157308132715382727
17578661551161722819
17579787743059232711
17579791867368687559
17579800663461185487
17579791867368171503
17579791867368695783
17868022243520407523
17868022243520407523
17863518643893037031
17862392743986194375
16710522371354379207
16709470671365720003
16709466359218292679
16421235965878044615
16421209506866204615
16421244691171053317
16277619953967105287
14259853530994181895
14153753961760883463
14298434165719697667
17289177403562394624
17289177678458330630
17293822569090072351
18446744073709551615
18446744073441116159
18446744073306898431
18446744073306898431
18446744073441116159
18446744073707978751
18446744073707978751
18446744073708503039
18446744073709551615
18446744073709551615
18446744073709551615
18446744073709551615
18446744073709551615
18446744073709551615
18446744073709551615
18446744073709551615
18446744073709551615
18446744073709549567
18446744073709545471
18446744004720584703
18446726412534542319
18446726412399800271
18442222778412683215
18442222778412683215
18442222778412683215
18442222778412683215
18442222778412683215
18442187594040594383
18442187594040592335
18442187594040592335
18442187628400330703
18433180429279807439
18433180429279807439
18433180429279815623
16127337282090035139
16127354874276080579
16131858473836864451
16113844075325277131
11502087688220820427
11502087688220820427
11502087756940299207
11502087756940299203
11502087482063440787
11502087482331876243
11511094681586860947
4557536855848878871
4557536855713056519
4557572143158069007
4557430716059029263
4557430990936936207
9169073030642474783
4593521463819976575
18444473647151185919
18446717202783535103
18446735172651974655
18446744038407143423
18446744073706917887
18446744073709015039
18446744073706917887
18446744073705869311
18446744073573756927
18446744039212437503
18446744039212445695
18446735242316206079
18446735242985205727
18446735242985205759
18444483443173097471
18444483443038879743
18444483443038879743
18446744004720066559
18444465885212569599
18439962285585201151
18439962216999938039
18442214016813615103
18442214016811516895
18439970978733737927
18444465815956746183
18442222673722331023
18433180290090258383
18442178694325702543
18446726257640968143
18442187489344479135
18433180341898305439
18437683666506155935
18392488908915965823
4557430649358614399
4557430855517044607
4575516462713667583
18444438669474398207
18151493588544913407
18446166860706586399
18446744018067914751
18446730360415846399
18446743949275037695
18446744073709547463
18446744073709551615
18446744073709518847
4548423691167334399
542666094058405887
14404750179510517759
14404754577691770879
14983467129674661887
16710597586771247103
18444483443308888063
18444483443308888063
17868022691139682303
17868022691005464575
17868022691005464575
18444483443308361727
18446744039215007752
18446735242770778120
17867999635755239432
17862262384081502216
14402793083307556864
16357073846609641472
144115188075855872
0
68719476736
1125899906842640
0
72057594037927936
144132780261900288
70368744177664
4398046511616
4503616807239680
8796093022208
288230376151711752
1099511627776
4
1099511627776
33554432
4294967296
3311471231232
3311470248704
7726696628995
2307547282402576135
3956137393391110
3956068673914374
3956068673914375
584357470785504775
584920420738991623
868638401170245126
866386601356559878
866386601356559886
866386575595146766
866386584177217038
578156207958396430
649650886402378766
577593292632886286
577672457503640590
595616487269075982
579853888539594252
579851680926404108
1746279586368851468
1168728187250150924
15894643573525532
13572887602007068
62090061024284
9037621500956
8796767788060
26457140632604
17661177108508
17661177141276
17661177108508
17661175011356
17661713979420
17798613964824
17665469978648
4521260802381880
4521260802381880
4521260802381848
4521295162120220
4530121319913532
6781921133596728
6773121301491760
4556505875619936
9042522800177248
105829734826176
71196859203776
36170088005500928
1056964608
554034003968
4288151552
4244373504
1157425106264129536
3463417681405739008
12725158826911723520
11013773651334853888
11011539031928143776
15046623560563720064
6363674682896219904
6363674750476075008
17929059436425281664
8124705729792491968
6949125421912998080
6944656592159760865
6944657144811741665
13853319727706890721
54154733176300001
18136862545781153
120273602978080
36431571591714
9042600034181682
13572588205904434
4535702093074962
4535697278079002
6781861020932376
6781861020899609
6781903974766873
6781904513735065
6781835794258329
6781835794258329
6781827204257945
6781852550434968
6781848253894808
6764260362827928
2265058784082072
578725811087505544
579851710994348168
579851710725904440
1732773215332751416
579851710994339896
579851710994339880
579851711061448744
579851706766481448
579851706765432888
1732773211372279864
579851706766481464
579851698109446200
583246990016018488
6781908385560696
1168710612247148792
1168710594932519152
3474590988082671728
8086282608229511408
8102045138201632992
6949181084959563872
16176756007175774304
18438231387355070912
16411611555038347713
14106260851078037953
9476560434132779393
9440390347722129793
217018310867353857
217018310867485442
217020518514164226
217019414690791424
144680345709838336
434038829381320704
289360674239283200
289365106511314944
290490972058419200
578712552117108736
576460752303423488
0
0
0
0
0
0
0
0
0
0
0
0
34359738368
134217728
404226048
404494336
406600704
18186525220
876353536
1075322940
103079232066
6144
2365465
6180
0
533528
24
24
6204
134223896
402659352
6168
6168
1054744
1579032
103080794136
103080794136
1579032
1579032
1579032
1579032
1579032
1579032
135796760
404232216
404232216
26388683298840
26422774601752
26422774601752
26422774602776
8830856993816
8830856993816
8830856993816
8830856993816
8830857255962
13228903767064
13228903767070
13228903504924
13228903504924
13228903504924
26423043037212
26491764619320
4530057434904632
9060183857721456
34014908210804984
42952150499260664
6781790284437720
6781788124354584
6781788124354584
2611028010295114812
2611010418109070396
7385426641050041982
7961878596992007806
7948411812934745726
17280294074552680447
17280294108845309951
14397990312565800959
15550876632800559103
14406953118031675391
14983413870335098879
14397945918777196543
14397945919850937343
7451037664817151871
7162807409394548607
8319119876513824639
4123952810414784319
4411622427046428607
2097865012346331039
2097583545959554975
2097583545959571359
940422255527055247
940987404495343503
940987404495343503
940987404495327119
940987404495327119
940987404495327119
940987404495327119
940986304983699343
940986304983699343
940987404495327119
940987404495343503
868929810457366415
868927611434110863
868929810457366415
868648335480688527
868648335480688527
868646136465821583
868645032659226511
1012760222882566031
1012760220735098767
1013042795223437199
1085100389252976527
1084818914280460047
1084814520528916367
2241683271883655111
1735045905981622151
2318297310692635619
4636490034508721657
6935898976648953341
7152656630262218621
4882965555853540989
14106262627207233084
14088261903861030460
14091639589148954172
14956324684812914188
11501805385384691206
13742240715461857922
18374263438294745216
18374365222359302272
9113298780252332417
6981108222840592889
4742502480103666813
117270082848750207
9297135020924706686
10311865523287566094
13706493393419572098
18374651232754335872
18444757199037161472
17358250587276761328
9264116368611800822
35246917287935
1986874672357375
2239167589136152327
8029776569234950409
18446638455900602368
17938104439977079008
16205324684625500408
14465774075596565740
9007769931740155
9013861010897919
2048454839312383
508712483856125727
1085102858825568015
1085102859899309839
1085102859899309839
1085102859899309839
506381343530616583
217020721988305667
217020728900518659
217020657574281987
217020657832231683
217020519856407299
72340242367054081
72340241561747713
217020587776869123
217020656496345859
217020656496345859
217020656496345859
217055703167337219
217020997386306307
5136292720134260487
11465917368964685599
4557422058211852095
9187201847088086911
18446717582351267824
18446744004484722928
18374405000110600432
18229723554654511328
18156818224252183523
18443353162061693923
18443353127635108803
18444479027541952451
18444479027544049607
18444483425590560711
18444483443307309031
18439962251493894119
18439957784459470823
13962216307723141505
0
0
0
0
0
0
0
0
0
0
0
0
0
0
0
0
0
