0
0
0
0
0
0
0
0
0
0
0
0
0
0
0
551911686144
8421504
13889313184910721152
16204198715727069312
13898320383087509504
13889312913249828864
13961653356670844928
14088253333139718400
9476562641788010753
9765923333140054851
9784008100393714499
9765993701884495747
14395703189792064387
14395694394772784003
14404701593964626883
14404736915775669185
14403611016405705665
16710579908348462017
16421223632289916353
16421236895148925921
16421236895148925921
16422367141562672067
16422367141562663875
16710579925526234051
16710579925593342919
16710579925593605063
16710579925056735175
16712840555323180999
14404745746295801799
14404745746832672711
16710588721686628295
16710588721689774023
17863501430472041447
17863501430202299363
17863501430202295267
17863519022388339683
17863519091107816419
18439979843411239907
18439979774691763171
16710597517781754851
17287040678033876967
17287040677899126759
17287040677897029575
17287040677897029575
16710588756046366695
18439971012956637159
18439971012956637159
17865762026107160519
16710588721958209479
17863501430472042471
17863501430202561507
17863501430202557411
17863501430202549219
14404736915843041219
14395694532753082279
14395694532216203143
9768184205003427655
10344644715844964111
11497566220720246531
18415095248362376067
16113755838776068999
16113755838775804807
16109252239152612231
18433109646874756999
18433109646874757015
18433109646874756999
18433180015618934727
18433180015618934727
18433109646875805639
18433109646875805639
18433109646875805575
18433109646875805575
18415095248366323591
16109252239147911047
16109252239148156807
16109252239013939079
16109252239013939079
11497566220586551047
11497566220586551047
11497566220578162439
11497566220578162567
11497566220578162567
11497566220578162567
11497566220578162567
11497566220578162439
11497566220578162439
11497566220586551047
11497566220586551175
11497566220586551175
16109243442920916871
16109243442652481287
14956321938045634439
14956321938044585863
14956321938178541447
14956321938179081095
14377609386062220163
14395623750213013385
14107463742805483295
16125076375866416927
18412843448279211807
18419598295809601343
13780767603303587647
18392488945154735935
9187201950435712783
18408871889664680751
16131849643306190719
18446744073709551551
18446744073709551615
17868031521592442879
18439979878175473663
18442213982723899391
18446726378175856639
18446744004587421695
18446744073305849855
18446744073439539199
18446744073439539199
18446744073439539199
18446744073439539199
18446744004585848831
18446744004586373119
18446726378041638911
18446717581948616703
18446717582082834431
18446717582082834431
18446717444509663231
18446726240602685439
18446726240065814527
18446743832250810367
18446743866610548735
18446743866610548735
18446743866610548735
18446744004049502207
36028692999176191
17940317917531865088
17940317917531865088
17940317917531865088
17940317917531865088
17940317917531865088
18445756978790924288
6917529025627815936
290209497081676800
282589520722752
72342382581907299
218150837086584831
2237760283927773183
18192355406984314111
17938106099046605048
17938084606894985424
17938084606894989440
17938084469054431456
17940336406038634720
18228584374644830432
17940353964133380320
18228584409541435616
18228584409407217888
17040768803781271776
18192568806527787232
6986348529617756384
2374589943422939376
33844002468983024
13572856330907872
15789195019739391
6781994153345012
26595258659840
2269598711586816
17661724459008
17662851678208
17662985895936
17662784569344
17660905521152
17660905521152
17798344474624
17798344474624
17798344474624
17815524343808
17815524343808
17815524343808
17849884082176
17849884082176
17849884082176
17832704212992
17849884082176
17849884082176
17815524343808
17815524343808
206158430208
68719476736
68719476736
68987912192
69524783104
68987912192
68719476736
17660905521152
17798344474624
17798344474624
17815524343808
17832704212992
17832704212992
17832704212992
18107582119936
4504046303969280
9043345699504128
9043347846987776
9113579152211968
36012763906048
35325569138945
35323421655811
35323421722375
35323421722375
35323421722375
35323421722375
35322347980551
35322347980551
35322347980551
35322347980551
35322347980551
35322347980551
35322347980551
35322347980551
35322347980551
35322347982607
35322347982607
137975893775
137976418063
137976418063
137976418063
137976418063
137975893775
52914534027023
52914534024975
17730161936143
137439151887
137439153935
137976024847
35322347979023
35598299627783
9042797554302977
9043349472280576
27092794378059776
4674947797554872512
13898320520526479552
13871228586221895680
13835199688942813184
4611827787379507200
141806533083136
1066896719872
794032078848
793630474240
18660693377024
27387932704768
62537945057280
4105171797836564480
526336
201326592
34426847232
0
34359738368
8796093022208
8796109999903
9223372036854775807
18442240474082181119
18446744073709551615
17289318969475334143
16131893865241116671
17293822569102704639
16131893865241116671
14978901991890092031
18446744073703235567
18446708682640056319
18446735036561489919
18446743833124274175
18446743970562965503
18446744022102573055
18446735260369289215
18446739658415799807
18446744056496127485
18446741866062675453
18446741866062675453
18446741866062675453
18446741866062675453
18446178898929384957
18446178898929121785
18445050799932045817
18445613758475402233
18445613758475402233
18445613758508956667
18445604927921452019
18443357526154540019
18444483443241252855
18444483374588884983
18439962182775465959
18439962182774417383
18442222812772427751
18442222812907169767
18442222812907171823
18442222675468218351
18442222812907171823
18442222812907171823
18442222778547433455
18442222623928602575
18442222623926505423
18442222623389634511
18433215424134893519
18433215424134893519
18442222614799699919
17289265925820764111
18433180291302412239
18433180291168194511
17280258786695040975
18433180291302412239
18433180291302412239
18433180291302412239
18433180291302412239
18433180291302410191
18433180291302393799
18433180291301885903
18433180291301625807
18433180291100823503
18433180359820300239
18433180308348063695
18437683856570044367
18437622283914678159
16109261034972221327
18412852244372230031
18417355878359338895
18419616474391318287
11461413795207253775
2238041758889346831
2242527748547090183
2242527765793806087
2242527765659584263
2238024166099846919
11465899802580682503
2242527765729052423
2242527765661681423
2242527731232737039
2242527749086058255
4557395687178974991
9169099521873372975
9187308055059490767
18444492273491371975
18446739675459871719
18442222812772427719
18446673497998479311
18444483477331240903
18446744039146645447
18446739640898806727
18446743970226095887
18446744038943475471
9223372019262236431
4557502082978350863
2242545357844317983
2238165455154155423
10344715360464619471
18415157096619296751
18430954981057292263
18430954981055195111
18439962182457288679
18439962182482454503
18439962182482720743
18439962181408978919
18439962181408978919
18439962181408978919
18439962182482524135
18439962181366835175
18439962181383546855
18439962182457419751
18439962182457288679
18439962180309936103
18439962180320421863
18430954981069875175
18430954981065680871
18430919796685072359
18430919796683171815
18430919798830655463
18430954983208985575
18430954983175431143
10360469163541080039
10342454764633286631
10344715360544188399
11497566288365178703
11497566288366227295
2242669055722065871
4548370777632870287
4548388367537475471
4548388367537475487
4548388367537475359
4548388367537475359
4548388504976428959
4548388504975380383
2251588128488767295
9187202377979756415
18438795804009560063
508695101904519155
540431955284459507
18446744073709544435
18446744073707714559
18446743970227159039
18446717582217052159
18430955052374949887
17854511926617309183
16701590422010462207
16710597621265203199
17854494334431264767
18446717444912316415
18446744038945587199
1587224
1849400
1849400
136067096
68171864
17448319064
4398314960952
565148977862680
562949957751816
281474981041160
562949953463400
562949953421312
4398046511232
34359738368
0
134217728
0
68987912192
68719476736
34359738368
34493956096
68853694464
268435456
103347650560
103079215104
103213957120
8830586978304
51942260736
17661308174336
8865080934400
120661737472
35287585521664
103482920960
26492836249600
6887461535619072
2278291441990712
2260630670678044
8830588557336
8830588557336
8830588033048
8830856468504
8830856468504
8830856468504
26491829098520
26457469884440
17661308704792
17661308966936
17661040269336
17592320792600
17643860400152
17695400007704
22093446518808
22093446518808
22093446518808
1147993353361432
22093446518808
22093446518808
26457401727000
6781891203569688
6781891203569720
6781891740448824
6781891742543928
6782269564923960
22650422450745392
13563783485087856
13563714764562544
13564266399424624
13705003887779952
49804169650921584
49804167503442032
26629739966688
106516812185792
0
50331648
201326592
469762048
402653184
268435456
0
0
0
1614856384
550811232360
141153826122282
35529509538568
13871298888829893089
16204198457713148096
6949177853116148192
31648490407884912
13563722358126712
13563722291017848
13563722291017848
13563722358126704
13563722358126704
15815625251027056
15815625250994224
13572587153553456
2319485965178073136
2319406800341004336
2319406731621593136
2319406731613204528
2319415458986750000
3472336963593580592
1166493956464914480
1159703362950475832
6782134439974936
583242713367710492
583242575324387544
6781900330375192
15788991237855256
6781928348325912
6781998124767256
6781860165720088
6781791446309912
6781790305458200
6781790305459224
6781789231717400
6781789231651864
6781788124355608
6781790271839256
6781790290975768
6781790364384280
6781791949569048
6781791983385624
6781791985482776
6781789846387736
6781789835901976
6781789856611352
15788990180899864
15789127586298904
15789127597046808
1745206431440518168
1736199232185777176
1736199232177323032
1745206431432064090
1745206431440452698
1745206431440518234
1745206431440518234
1745206568879471706
1745206568879488536
1745207475109134104
16701536952954373029
16701536884234896293
16701536952954372901
16701536935774503716
16701536901397988132
16701396095190156068
16701394712210424612
14404700193805288228
9504679344514253604
9792934611645612965
9774928588792120229
9765920839781566372
9774781520521969920
533395634909184256
8584003285105606912
7440933404683632642
4278190146
4278190080
4278190080
4278190080
551920074752
551903297536
2147483648
690424381440
965302321280
9223372312810668256
36029330672861280
258237067360
9259401092110758008
54043458077270064
18014661056737328
2323857665421752376
2305843129476462648
1152921625138042936
1152921625138042936
206430550072
1152921573598435384
1441151949747523592
1153493353734084624
2305851839801464832
6917537858228586496
7061723380688881664
6938929956525705216
6937804056618862592
6917537927216498688
6917537926949115904
6917537927217551360
2305851908521728000
6917537926948063232
4611694849283328000
2317110838869624832
1155234912640043008
2278291306711040
17695400003584
22570877909997568
4616207244735551496
9264010020977907736
4521295362923032
4504115964550168
6755915778235417
6755502924504346
6755502706407706
6756052965538074
6756052965538074
1159677012111866138
17363884450083510284
8952307773047857248
2025545465549701216
584373791968083984
2266086460228624
6822041736875281
6781908486589440
6786317807394304
6786315123105299
291624703288614658
218150833714824963
569577205794567
1704303388397071
1696572446740239
289926948598517519
146093239676899087
1978051601041167
1978051601043215
145811760405155599
1696606807002638
1695507295374862
1704303388397070
292186479353794062
292186479353663006
868084273113734686
3390945870224926
3393144893607438
292186479353794062
3956103202082318
1704303389449758
1704269029187359
289926948599570207
1978051611016991
1978051604725567
1978051602628479
1696576624344959
1696572866694718
1695507295374878
1704303388409470
292186616792759934
292186479353675390
291623529400245886
3390945903787646
3393144893488766
3956103202094718
1704303388409470
289934645046152830
1695472800972415
1705368405622655
1978051601055615
1978189039994687
852289066057535
1986985133031295
1705505844510335
289934645045628542
1704303254191742
1704303254191742
1704303254208126
3956103202094718
3956094578597502
3393153218150014
1704303257353854
289934645046181502
289934645046152830
1704268895501951
1705368406605695
1978051601055615
852151694198591
869726633008959
852134446964543
852134446827327
72905330438374151
284786447024387
282587423768835
1112447058177
3311436628225
3311436628225
38671548672
34359738368
34359738368
34762391552
103213432832
68853694464
17661040263168
69122654208
8830722244608
8830722244608
103349747712
121198608384
121198608384
258704670720
240987930624
240987930624
258167799808
69122654208
103482392576
103482392576
34763964416
17661309747200
17661846618112
17661915824128
1010302976
741867520
775421952
69495160832
70568902656
4503670481616896
70854254592
1155191792098816000
4522020733663232
1157443731498941440
1159845116433628672
1736376250366115584
1736305877326970630
1737431717112659727
1304949813443264271
1304382327987633983
1302132503624023935
1158016756866875391
3463288010302619647
5771380618224794879
626309380163042559
2022451657154796796
1880588440573582492
7064985265051676
7627523572701213
7064438327810333
4817036023765277
4812638916776216
4531196152320280
4531161792581912
4531196152320280
4533397323059480
4533397323059480
6782995966005528
6783132868088088
6787805792505912
6787805792507960
6787668353562684
6787805792516156
6787805792516158
4537072206492222
13575612927193722
9071393486561904
27715264550421220
4675990701581042884
9281009280419660932
9267436634008454152
913258807818980360
4038616211725749256
1737276802139424776
1736168563407591448
4051049678932293688
8680820740569200760
17940362863843014896
17361641481138401520
17361641481138401520
17361641481138401520
17361641481138401520
17361641481138401512
17361641481138401512
17361641481138399464
17361641481138399464
17361641481137875176
17361641481003657448
17361641515363395816
17361641446643919080
17361641446643919080
17361632650550896872
17361632650550896872
17361632650550896872
17361632650550896872
17361632650550896872
17361632650550896872
17361632650550896872
17361632650550896872
17361632650550896872
17361623854457874664
17361623854457874664
17361632650550894824
17361632650414579944
17361632650416679144
17361623854457874664
17361623854321035496
17361641446509175016
17361641480330469600
17361641481003657448
17363893281085778152
17363902077178800360
17363902077179848936
17363902111539591416
17363902111539591416
17363902111539591416
17363902111539591416
17363902111539591416
17363902111539591416
17938111029534847216
17940362863708532976
17940354033255511280
17940345236894052576
17940362829079044336
17940353964267598064
17940358225142543604
17940358491498935540
17938106661619954936
17938106584176850164
17357120147187886312
16195156047291273424
9223442941400334400
1030792183808
824633720832
824633720832
0
2147483648
1082130432
1086357504
1616953472
137982132416
17799151902816
17661713981472
17661175009296
2269495348434968
2269495348434968
2269495079999512
2269495482652696
2269495483176984
2278291576199192
2278291576199192
2278291576199192
2278291576200216
2278291576200216
2278291576200216
2278291576461336
2278291576461336
2278291576461336
2278291576330264
2278291576199192
2278291576199192
2278291576199192
2278291576199192
2278291609753624
2278291609753624
2278291609229336
2278291609229336
2278291609229336
2278291575674904
2278291575674904
2278291609229336
2278291609753624
6781891237124120
6781891237124120
1159703395843971096
1159703395843971096
6781899826542616
6781899827058712
4530100014946328
580990852318894104
580990852318894104
580990852318894104
4530091425536024
4530100019664920
4530091425536024
4530100015470616
4530100015470616
4530100019664920
4530100019664920
4530091425536024
583242652132579352
583242653210515480
583242653210515480
6781892346517528
6786289317189656
6786444472883224
6821628777863192
15828827495733272
16954727402575896
16954727402575896
2611028112835090456
3763949617978808344
4480094535090444312
7961940271879175192
7385461928497003580
16643051866740898876
17832002619338291774
9218868437218917978
18442240474082180632
18446744073709551230
18446744073709551615
18446744073709551615
18446744073709551615
18446744073709551615
18446744073709551615
18446744073709551615
18446744073709551615
18446744073709551615
18446744073709551615
18446744073709551615
18446744073709551615
18446744073709551615
18446744073709551615
18446744073709551614
18446461494909401074
17940927986949619698
17940928025738543090
17940365075801898994
17940646542171897586
17940646542188674810
17940646550761832186
17940646550845456122
18230007224883412986
18228876926930059258
17940646568025325306
17941776865978941178
17651290274719790834
17940646550777820898
17940646550642550518
17362488046890706534
18931680106694214
18931680106694214
18932229862508102
18650754887902790
18650480001869382
18650772126754374
18650905807447622
28260087628097126
2604284168211064551
10386154946094823
137332203480294
6822361863496934
6821812090905702
6821526476565606
6821525363893478
6821525363893478
6821525363910246
6821525368235622
583282277671659110
16954624529819238
870386857395643492
1446847609699050596
1446847609699050596
1446847609699050596
1446847609699056740
293926105092209764
293926105092209764
293926105092209764
289422505464839292
307419311788274742
868117671554465332
580010450402295356
872605750147366460
2026195796361182780
4340976597621177916
4340972233373417020
9115144282153815678
9114861742831064638
18374227375492316974
4395230586520680964
4359061127309524500
4341047826163973632
4485373295817793024
4557430888796724736
2242545357979321344
1085102592435945472
506521947236991104
506518075332395136
506518071037427840
506588439781605504
506447975019495616
506447978240721088
506447428484874432
506482610709479520
506482610709479520
506412241965310048
506412241965310048
506412241967407200
506412105065324640
506412105065308256
506412103991566432
506412103991566432
506412103987372064
506412103987372080
506412103987372064
506412103988420640
506412104255807520
506412103987372064
506412172706848816
506412207066587184
506412207066587184
506412207066587184
506412207066587184
506412172706848816
506412172706848816
506412172706848816
506412172706848816
506412172706848816
506412207066587184
506412207066587184
506412207066587184
506412207066587184
506412207066587184
506412207066587184
506412207066587184
506412207066587184
506412207066587184
506412207066587184
506412172706848816
506412172706848816
506412103987372064
506412103987372064
506412104255807584
506412103987372128
506376920693235808
506447426874269792
506447426874261728
506447426337423584
506588165981651136
506518072115364032
506522469083938944
1085093731800973312
1085101428382367744
2170187463601946624
4476045865978429440
4340405713529470976
8968980230559498240
8680811427058941952
17361499708815573249
17361623957941321985
16204199957530542594
16204162582758818820
13889316755224397832
13889250818886469640
13889250818886473752
13871236386286211096
13871227590058971152
13871227658778447888
13871227658778447888
13871227658778447888
13871227658778447888
13871227658778447888
13871227658778447888
13871227658778447888
13871227658778447888
9259541640351059984
9259400902862704656
9259427291141771280
9223398494122807312
26457268031504
26457268031512
26457268031512
26457268031512
4521260802904080
4521260802904080
4530056895926320
4530194336987184
4565379245946928
4565379245946928
4565379245946928
4565379245422640
4530194873333808
4530056895936568
6781891069351992
26491762522232
53018019527800
13642981810536446
6782045892082812
2282706869959743
13254504881694
30183196431
12935431939
16843123
12400
1062968
206965315612
9223407462015048732
9259418529542179870
13889242023129252878
16204163115334763526
17361641480900444675
18229723537947615681
18446744069397740792
18446744073709551615
18446744073709551615
18446744073709551615
18446744073709551615
18446744073709551615
18446744073709551615
18446744073709551615
18446744073709551615
18446744073709551615
18446744073709551615
18446744073709551615
18446744073709551549
18446744073709534653
18446744073709534653
18446744073709534509
18446744073709530541
18446744073701141932
18446744073709534637
18446744073709534653
18446744073709534717
18446744073705303549
18446744073704123900
18446744073696837036
18446744073662758317
18446744073541631165
18446744073529046205
18446744072497182141
18446743788995788287
18446743788995870207
18446743789112262079
18446673359970234286
18446655767783796666
18446655767784976312
18446655767802015678
18446655767734890493
18442187618767581053
18442082061360544765
18446585660982688509
18442082069978807037
18442082061657307901
18446040303584411389
18443928966116933373
18443786098324799229
18425842034434620669
18428093834249354493
13816445474090368253
18444166641772650494
18437697115254087391
18148323268566703067
18440527348696477177
18443635694105847028
18443334427770024690
18155131573953625081
18005938836885731833
18005938841180697585
18152588403558577139
18157354751970505715
17578609016936068083
17866874302649332723
17863501017282766823
17286965481544607719
17262242275601147847
14974410241791151822
16127054703558053516
13807927114575224220
9187109152180878137
18408313201196757875
18444465367803750375
18446620721979322319
18446479709343571919
18437418148670906014
18446390839471947452
18446036251241659448
18410004414396463224
18121213295938074736
18443211855887560800
17831852604585635905
18408436469718315073
18439821548096577537
18446717581947036832
18442213982453884640
18442222812906383072
18442187491026398944
18442187490489257932
17280258778037735368
16113773500686638872
13780767741077040952
18446602784307355647
18446744073703260031
18446744073701163007
18446744073302950785
18446744072694629315
18446744072698971075
18446744073302950851
18446744073298625475
18446744073298625475
18446743968508265415
18446682242345584583
18429718701005055983
14098421495277535231
2604246332121907007
39738048020028
155629403196
39738048003196
39738048003132
9122064870833208
6949116056396380176
8104360005512740864
8681951055371567104
18446462593406107712
18446744070434046915
18446744073701245123
18446744073705587073
18446744072766063491
18446708629550909383
18444426043411892207
17853333137000480703
16547531250959335231
4910089076580302141
4828618570812
7009388215356
451595813942475836
641807099570699320
1736164286158878776
867004759561238648
578774383409508472
581026166042802232
576487382043342904
288256833421850680
578739009385675824
17661175017520
17661309753368
4521398241857536
68988964864
206698455072
35391069511712
275955867744
275955859520
275955859456
70644700037120
70713419513856
551911719040
274877906944
4295163904
72340172871565312
144690262772416512
289931419524792320
291612534283436032
289369521939808256
2260699188035584
26422840918032
17695401056256
9036881205264
9893192415280
9893326633008
2261692649601136
9225633728160098416
9802094480461442296
10090465594896329976
10090465594896297080
10090364439893773400
11243250487414888472
11244376238069979164
13554739889343103000
13563747097189882880
18391641207726873624
18319653982433164829
18446317997896187699
18446742409392947005
18446742420130297791
18446744069397217279
18446744069397725183
18446744073558491007
18446744071427784695
18446744039349286903
18446744073574807551
18446744073709027327
18446744073574807551
18446744039349813247
18446744039348760559
18446743970360848351
18446726412534542303
18446717616441520111
18446717616441520111
18446726412534542319
18446726412534542319
18446744073440063431
18446708751092139983
18446708751090567119
18446708751090042823
18446708751090042831
18446638106394199943
18437630907403700103
18437630907403700103
18437630907403702151
18437630907403702151
18437630907403702151
18437630907403702151
18437067957316063111
18437067957316061063
18437630907268958087
18437630907403175815
18437630907336066951
18437626509289554823
18437626509289292675
18437613315133309827
18365273142312075394
18437048157533143177
18148817781398274185
18148250356088341379
18148314369258209675
18152822383843590607
17863466107785167823
17863501292694136775
17868013860280321007
17287049508349527023
17287049508484007911
18442222812905064431
17289266123384522727
18433180291301869455
18437683959650291599
16131823083098972063
13816831722670472991
4557501533498851135
9187342961732452223
18446743521806196671
18446744073701163007
18446744073700638719
18446744073566420991
18446735243122046975
18446735243122046975
18446735243122046975
18446735277616003071
18446744073709286387
18446744056462310395
18446739658415799291
18446739658415799291
18446739658415799291
18445613758508956667
18445613758508956667
18445613758508956539
18445613758508956667
18445613758508956667
18445613758508956667
18446739658415799227
18446739658415799227
18446739658415799259
18446739658415799291
18446739658415799291
18446739658415799291
18446739658415791067
18445613757969988571
18445613620533124059
18446739520439966683
18446739519095692251
18446739519095692251
18446739519095692251
18446739519095692251
18446739519095692251
18446739519095692251
18446739519095692251
18446739520437869531
18446739520437869531
18446739657876823003
18446739657876823003
18446739657876823003
18446739658413693915
18446739657876823003
18446739657876823003
18446739657876823003
18446739657876823003
18446739657876823003
18446739657876823001
18446739520437869529
18446739520437869529
18445613620396809177
18445578367304698843
18443317737038267339
18443317736768783299
18443317735697138627
18443317735697138627
18443317752877007827
18443317735697138643
18443317735697138643
18443300143511094227
18443300143511102403
17569601815798997955
17424939070932500929
18446728135115374847
18446744073072017407
18446744073709551615
18446744073709551615
18446744073709551615
18446744073709551615
18446744073709551615
18446744073675997183
18446744073070444543
18446743917375782911
18446717529096716287
18446717530172555263
18446743918485176319
18446743918486749183
18446743918486749183
18446743918486749183
18446743917379452927
18446743633911611391
18446677106997329919
18446604539227537407
18411559805112090623
10304535256053637375
216199411860029688
72084241031151840
9331608616955592928
16267213615757313732
17937907685032461316
8678454074533218316
4050987865222940680
1736137656753979400
1736137656753979416
1736137656753979408
1736137656753983504
1736137656753983512
1736137656753981464
1731634057126610952
1731634125847660552
1729382325765539840
1729382360123705344
1729382360123705344
1729382359990011904
1729382360124229632
1729382359990016000
1729382359990540288
576460855652126720
103348703232
17695534747648
17695534747648
17695534747648
17695534747648
103348703232
103080269824
103079745536
103079741440
17695265785856
4565413200926744
13577251019823128
2319415862589657112
15824652652777488
4645586644397209648
8714598288465606704
17938111028650326064
17940362828464011312
17938111028650326064
17938111028650326064
17938111063010064432
17938111079988082736
17938115443741964336
17938111045830195248
17938111043548493872
17938102169260618096
17357120096302260720
9277629117439066784
9259408045091226624
1140179533040644
579870322763504648
583278810958927896
1745277866317723672
4069275526462701568
6971581053756506112
13871095682888105984
9223372071348731904
34493956096
34494480384
34494480384
8830588551168
8830587508736
8830587508744
8830587508744
8830587508744
8830588557320
103483447320
17695669491736
17661175011352
17661175011352
17661175011344
17661175009328
17661175009296
17661175017488
17798616070160
17592458151952
2269392404217856
2278188499337224
2265114350197768
2260647582383624
8830587772444
8830923312140
8830587767820
8830587505676
2260630670674972
2278291576199192
6781891205675036
6781891205675064
6781891205675064
6781891205675064
6781856711718968
15780259873437752
15780259873435696
15815444245527600
15815444379737144
6817075643160600
6781917007321112
6787410236938264
6786293629261848
6786289267128344
6786289267128888
6786289267186232
1695507295440399
0
0
63297101478555888
6781891203832860
6781891203832860
6781891203832860
6781891203832860
6781891203832860
284786447024899
0
0
61676673580092
1156789716129816
1156789716129816
1156789716130840
1156789716130840
7912189157187100
3956094578593551
1978051533670151
852134446957315
9495773308939993859
16421223494307660227
16422349394214502851
16422349394214437315
16422344996167975363
16422344996167991747
16422344996172186051
16421219096265474499
16277103908189619143
16421219096265476039
16421219234243667943
16421216897242490855
16421181712870130647
16421183903303455739
17357967814464631795
18228566618877978599
18229991577420752078
18301777596280786124
18300933196046715273
18445048366959200649
18445602658266941705
18155122681291282707
18443335482520703763
17863501291037332263
18439962075720787751
17280258508515911503
17280258508381974351
17280258577172746063
17280258577172746063
17280258577172746063
17280258577172746063
17280258577172746063
17280258577172746063
17280258577172746063
17280258577105637199
17280258577105637199
17280258577101440847
18433180081708287823
16127354664680638287
16127354664680376143
16127337072494331727
16127337072565634895
16127337072565634895
16127337072565634895
16127337072561440591
16127337072561701711
16127266669457787727
18419615922488036171
11502086894846938955
11465917360339617695
4548379674582386463
4557395635442491151
9169116839315205935
9187201881455194095
18373551747162959855
18446744073709547471
18446744073709547423
18374405004694913023
18302624487587184639
18446743953450467327
18446744073441116159
18446744004721639423
18446744073707962367
18446744073705349103
18446744073709551551
18446744073439002495
18446744039079231359
18446744039079223103
18446735208077008703
18445609304948940607
18445608308516527903
18409438810523799439
4592483906033272775
18436549298413356999
18442178797947577313
17289292477846774753
18442213982453621217
17868005029762548165
18443357474345042407
18443353145252897255
17868022690887295987
17289292452110529527
16140872347839363043
18437677234201544647
18437668438108522439
13833863727616870343
13833863727616869319
18445584930418443207
18427570531908961223
18427535347536872391
18445549763226223559
18427535364716741575
18427535347000001495
18427535347000002519
18427535347000002519
18427537546023258071
18427535347000002519
18427537546023258071
18427537563203126227
18427537563203127255
18445551944532740055
18445551944530642903
18445551944530641879
18445551944530641879
18445481300908819411
18445498910274742227
18445498893094864855
18445498893094864855
18445498893094864855
18409505280447989719
18157303735675242455
18157308132648011719
18155122303599364039
17578661551094613959
17579787744132712391
17579800663461708743
17579791867368171467
17579791867368171503
17579791867368695783
17868022243520407523
17868022243520407523
17868022243520407523
17863518643893036999
16709396472521278403
16709395904511853511
16709466290499077059
16709466341971314631
16421235965878013895
16421209506866204615
16421244691171053317
16277619953967105287
14259870972906768142
14187530954654483207
14298431958106571011
16604347818857725953
17289177403579302912
17293681278622572294
14987979559880572735
18446744073709551615
18446744073441116159
18446744073306898431
18446744073306898431
18446744073306898431
18446744073707978751
18446744073707978751
18446744073707978751
18446744073709551615
18446744073709551615
18446744073709551615
18446744073709551615
18446744073709551615
18446744073709551615
18446744073709551615
18446744073709551615
18446744073709551615
18446744073709551615
18446744073709551615
18446744073709549567
18446744073709545471
18446744004720584703
18446726412534542319
18446726412534017999
18442222778412683215
18442222778412683215
18442222778412683215
18442222778412683215
18442222778412683215
18442222778412683215
18442187594040594383
18442187594040592335
18442187594040592335
18442187628400330703
18442187628534548431
18433180429279807439
18433180429279815631
18433180429279553479
16127337282090035139
16131858473836342211
16131858473836864451
16113844075325277131
11502087688220820427
11502087413342913483
11502087756940299203
11502087756940299203
11502087756941347731
11502087482331876243
11502087482331859859
2287722644727890835
4557536855848878871
4557536855713056519
4557572143158069007
4557430853497982735
4557430716059029263
9187131408409104159
9169108283198218047
13832638095140274175
18444473647159574527
18444465402969849855
18446735172651974655
18446744038407143423
18446744073706917887
18446744073709015039
18446744073706917887
18446744073706917871
18446744073573756927
18446744073571651583
18446744039212437503
18446744039212445695
18446735242316206079
18446735242985205727
18446735242985205759
18446735242987302911
18444483443038879743
18444483443038879743
18444492239131901951
18446735208627040255
18444465885212571647
18439962285585201143
18439962216999938039
18442214016813615103
18442214016811516895
18444474612720322503
18439962216329373639
18442213878702002119
18439935689537605519
18442187489344982927
18442222674925031375
18446691073268881359
18442187489344479135
18433180341898305439
18437683666506155935
18428623293410918207
4557430786260696959
4557430632178745215
4557501480080211967
9187334336637042559
18439723963614494719
18155988254640308223
18446166860706586399
18446744018067914751
18446730360415846399
18446734758453968895
18446744073709012767
18446744073709551615
18446744073709551615
18446744073694871551
1085121081883754495
271315420416311295
14404750179510517759
14404754577691770879
14983467129674661887
16710597586771247103
18444483443308888063
18444483443308888063
17868022691005464575
17868022691139682303
17868022691005464575
17868022691004940287
18444483443308361727
18446744039215007752
18446735242770778120
17868004871320373272
17863460851755778056
16709199042474672136
16645304222895570944
9439544818968559616
0
134217728
68719476736
1125899906842640
0
17179877376
17592186044416
68719476736
536879104
8388608
0
0
288230376151711752
1099511627776
4
2048
4489216
4563402753
1103823438080
3311436562752
7726696628992
6627235332871
2307547282402576135
3956137393391110
3956068673914374
3956068673914375
584920420738926087
584357470785504775
868647197263267334
868638401170245126
866386601373337094
866386584176690702
866386575595146766
866386584177217038
578156207958396430
577593292364451406
577593292666440718
577602088725908494
577602088759462926
577602088725908494
579851689516338700
1741780384788024844
1746279586368851468
1168728187250150924
15894643573525532
13643256077749772
1152983594667871260
9037553343516
8831127525404
8796767788060
26457140632604
17661177108508
17661177141276
17661177108508
17661175011356
17661711882268
17798613964824
55044570355736
13528460057122840
4521260533946424
4521260802381848
4521260802381848
4521295162120220
4530121319913532
6781921133596728
6773125057359920
4521325798498352
9042797610983520
105829726470208
70644960084160
211676649521280
140740156981248
1056964608
554034003968
4288151552
4244373504
2305843011243606016
3494793310856216576
10437259296575025152
10435078158695789568
11013773102118010624
15623084312867143584
15046623560563720064
6363674682896219904
6363674750476075008
17928918146886828032
17348077766649348480
6949266159401615808
6944656456834728129
6944797879406027233
16168029180961841633
13853178487438926305
54154733176300001
18136862545781153
120273602978080
106800307249186
9042600034181682
9068988313244210
4535702128824850
4535693519917082
4534597766451226
6781861020899608
6781861020899609
6781903974766873
6781904513735065
6781835794258329
6781835794258329
6781827204323737
6781827187478680
6781852550434968
6781852548862104
2260660735457432
2265058784082072
578725811087505544
579851710994348168
579851710725904440
1732773215332751416
579851710994339896
579851710994339880
579851710994339880
579851711061448744
579851706766481448
579851706765432888
1732773211372279864
579851706766481464
579851706699372600
583246990016018488
583247058735495288
1159703412992407672
1168710612247148784
1168712794496872688
3474595386129182960
8086282608229511408
8102045138201632992
6949181084959563872
16176756007158997088
16853562590285119680
17861770635051647425
14105768269868794305
14088246452568555905
9476559882229481857
217018310867353985
217018310867353857
217018310867485442
217020518514164226
217020514202419204
144680345676283904
434041028404576256
433475879360790528
289360708464803840
289365072151576576
290482175965396992
578712552117108736
576460752303423488
0
0
0
0
0
0
0
