0
0
0
0
0
0
0
0
0
0
0
0
0
0
0
0
0
0
0
0
0
0
0
36170086419005440
8421504
13871228142779138176
16204198578288115904
16204198715727069312
13898355704898551936
13898320383087509504
13889312913249828864
13961653356670779392
14106331494700122112
14088253333139718400
14088248660215398657
9476562641788011265
9765923333140054851
9783937731641148227
9765993701884233475
9765993701884495747
9784008375271655299
14395703190865814435
14395694394772784003
14395694394709885891
14404736778336715713
14404736915775669185
14115380639717114817
16710579908346364865
16710579908348462017
16422349532196750785
16421219234243405281
16421236895148925921
16425740494776296417
16421236826429449185
16422367141562672067
16422367141562663875
16710579925528331203
16710579925526234051
16710579925593342919
16710579925593342919
16710579925593605063
16710579925056735175
16710579925056735175
16712840555323180999
14406997546109487047
14404745746295801799
14404745746832672711
16712840521500313543
16710588721686628295
16710588721689774023
17863501430472041447
17863501430203605987
17863501430202299363
17863501430202295267
17863519022388339683
17863519022388339683
17863519091107816419
18439979843411239907
18439979843411239907
18439979843411239907
17287058270084916195
16710597517781754851
17287058270219921379
17287040678033876967
17287040677899126759
17287040677897031655
17287040677897029575
17287040677897029575
17287049473990051783
16710588756046366695
18439971012956637159
18439971012956637159
18439971012956637127
17865762026107160519
16710588721688725447
17863510226565064647
17863501430472042471
17863501430202557415
17863501430202299363
17863501430202557411
17863501430202557411
16710579925593605059
14404736915843041219
14395729717125171075
15548616036823050151
14395694532216203143
14377679996398309255
9768184239497383695
10344644715844964111
10344644715844964107
11497566220720246659
18415095248362376067
16109252239148698503
16113755838776066951
16113755838775804807
16113755838775788423
18433109646874739591
18433109646874756999
18433109646874756999
18433109646874757015
18433109646874756999
18433180015618934727
18433180015618934727
18433180015618934727
18433109646875805639
18433109646875805639
18433109646875805639
18433109646875805575
18433109646875805575
18433109646875805575
18433109646875805575
18415095248366323591
16109252239147911047
16109252239148156807
16109252239148156807
16109252239013939079
16109252239013939079
16109252239013939079
11497566220586551047
11497566220586551047
11497566220586551047
11497566220578162439
11497566220578162567
11497566220578162567
11497566220578162567
11497566220578162567
11497566220578162567
11497566220578162567
11497566220578162439
11497566220578162439
11497566220578162439
11497566220586551047
11497566220586551175
11497566220586551175
11497566220586551175
11497566220586551175
16109243442920916871
16109243442652481415
14956330734138656519
14956321938045634439
14956321938044585863
14956321938178541447
14956321938178541447
14956321938179081095
14956321938179081095
14377609386062220163
14395623751286754187
14395623750213013387
14107463742805483295
14395694118957195039
16125006007122239263
18412843448279211807
18415095248092868383
18419475150775729967
13780767603303587647
9169081722854129471
9169116907230412607
9187201950435712783
18410573987114723079
17827326781383196479
16131849643306190719
18446744073703251919
18446744073709551615
18446744073709551615
17870283321406128127
17863527921965072383
18439979878175473663
18439962285989429247
18446717582351269887
18446726378175856639
18446743970227683327
18446744004586373119
18446744073305849855
18446744073439543295
18446744073439539199
18446744073439539199
18446744073439539199
18446744073439539199
18446744073439539199
18446744073305325567
18446743970226110463
18446744004586373119
18446743970227683327
18446726378175856639
18446717581948616703
18446717581948616703
18446717582082834431
18446717582082834431
18446717581948616703
18446717444509663231
18446726240602685439
18446726240065814527
18446726240065814527
18446743832250810367
18446743866610548735
18446743866608451583
18446743866610548735
18446743866610548735
18446743832250810367
18446744004049502207
4611685914407600127
8865808527654911
17940317917531865088
17940317917531865088
17940317917531865088
17940317917531865088
17940317917531865088
17940317917531865088
17940317917531865088
18228451691346788352
18446390267306180608
6917529025627815936
364773977629261824
567347999930112
282589520722752
282589520723810
72904252283944935
218150837086584831
2238024097999028223
9087171405111295998
18192355406984314111
17937965086680344825
17938084692795379944
17938084606894985424
17938084606894989520
17938084469590253696
17938084469054431456
17938084468785996000
18228566782190350560
18228584374644830432
17940353964133380320
17940353964670251232
18228584409541435616
18228584409407217888
17075662904800370912
17040768803781271776
17040773201827782880
8968070904125874400
6986348529617756384
6986346330594533472
2338561146404008176
33844002468983024
15829054325321968
13572854187618528
15789195019739391
6781994154390512
4530194339659296
26595258659840
17798898032640
2269598711054336
17661724459008
17662830706688
17662985895936
17662985895936
17662784569344
17662516133888
17660905521152
17660905521152
17660905521152
17798344474624
17798344474624
17798344474624
17798344474624
17815524343808
17815524343808
17815524343808
17815524343808
17815524343808
17849884082176
17849884082176
17849884082176
17849884082176
17832704212992
17832704212992
17849884082176
17849884082176
17849884082176
17815524343808
17815524343808
17798344474624
206158430208
17798344474624
68719476736
68719476736
68987912192
68987912192
69524783104
68987912192
68987912192
68719476736
68719476736
17660905521152
17798344474624
17798344474624
17815524343808
17815524343808
17798344474624
17832704212992
17832704212992
17832704212992
17832704212992
18107582119936
35699768164352
13511795314524160
9043345699504128
9043208260550656
9043072969080832
9113579152211968
36012763906048
35600715481088
35325569138945
35323421655811
35323421722375
35323421722375
35323421722375
35323421722375
35323421722375
35323421722375
35323421722375
35322347980551
35322347980551
35322347980551
35322347980551
35322347980551
35322347980551
35322347980551
35322347980551
35322347980551
35322347980551
35322347980551
35322347980551
35322347980551
35322347982599
35322347982607
35322347982607
137975893775
137976418063
137976418063
137976418063
137976418063
137976418063
137976418063
137976418063
137975893775
35322347982607
52777095073551
52914534024975
52914534024975
17730161936143
137439151887
137439153935
137439153935
137976024847
137975891215
35322347913487
35598299627783
9042797554303233
9042799712272385
9043349472280576
27127979286986752
4674807609824411648
4674947797554872512
13898320520526479552
13871298991481716928
13871228586221895680
13835199723302551552
13835199824234283008
4611827787379507200
141804385599488
141806398341120
1066896719872
794166296576
794032078848
793630474240
18660693377024
18591839682560
27387932704768
27353572968448
273503517411328
4105171797836564480
2048
524288
201326592
34426847232
34359738368
0
34359738368
34359738368
8796093022208
8796093022209
293634553413631
9223372036854775807
18446744073709551615
18442240474082181119
18446744073709551615
14983475960261640191
18446744073709551615
16131893865241116671
16140901064495857663
17293822569102704639
16131893865241116671
16113879466731634687
18446620516090380287
18446744073703235567
18446743867012145151
18446726412265062399
18446735036561489919
18446743833191383039
18446743970563227647
18446743970562965503
18446744039282704383
18446744022102573055
18446735260369289215
18446744056462309887
18446739658416061949
18446744056496127485
18446741848882806269
18446741866062675453
18446741866062675453
18446741866062675453
18446741866062675453
18446741866062675453
18446178898929384957
18446178898929384953
18446178898929121785
18445050799931914745
18445050799932045817
18445613758475402233
18445613758475402233
18445613758508956667
18445613758508956667
18445604928056194035
18445604927921452019
18443357526154540019
18444483443241252851
18444483443241252855
18444483374588884983
18444465782402840551
18439962182775465959
18439962182774417383
18439970978599004135
18442222812772427751
18442222812907169767
18442222812907171823
18442222675468218351
18442222675468218351
18442222812907171823
18442222812907171823
18442222812907171823
18442213982454411247
18442222675468218319
18442222623928602575
18433215424673861583
18442222623389634511
18442222623389634511
18433215424134893519
18433215424134893519
18433215424134893519
18433215424136990671
17289301110192852943
17289265925820764111
18433180239695695855
18433180291302412239
18433180291168194511
18433180291168194511
17280258786695040911
18433180291302412239
18433180291302412239
18433180291302412239
18433180291302412239
18433180291302412239
18433180291302412231
18433180291302410191
18433180291302393799
18433180291301869511
18433180291301885903
18433180291301887951
18433180291167408079
18433180291100823503
18433180359820300239
18433180359820562383
18433180308348063695
18437683925289521103
18433180256942673871
18437622283914678159
18419607644887027599
16109261034972221327
18412852244372230031
18417355809639862159
18419607678038806415
18419616474391318287
11501928599667019535
2238041758889348879
2238041758889346831
2242527765793806087
2242527748547352327
2242527765793806087
2242527765659584263
2242527765659584263
2238024166099846919
2238024166099584775
11465899802580682503
2242527765729052423
2242527731235358471
2242527766196455183
2242527731232737039
2242527765726959375
4548388367665673991
4557395687178974991
9169081723797337871
9169188103433742191
9187308055059490767
18446726412399798223
18446735242852296647
18446739675459871719
18444492204771895239
18437701482981091279
18446673497998479311
18442222778412689351
18446735243053623239
18446744039146645447
18446739675459871687
18446739640898807695
18446743970226095887
18446744038406606607
18446744073303213839
9223372019262236431
4557502082709915407
4548423689137751839
2242545357844317983
2242669055049961375
10344644715768680335
10344715360464619471
18415157096619296751
18433171495028123623
18430954981057292263
18430954981057292263
18430954983202678759
18439962182457288679
18439962182474065895
18439962182482454503
18439962182482720743
18439962182482720743
18439962181408978919
18439962181408978919
18439962181408978919
18439962181408978919
18439962182482524135
18439962181400389607
18439962181366835175
18439962181383546855
18439962181383546855
18439962182457419751
18439962182457288679
18439962182457419751
18439962180312033255
18439962180320421863
18439962180324616167
18430954981069875175
18430954981065680871
18430954981057161191
18430919796682975207
18430919796683171815
18430919798830655463
18430919798830655463
18430954983208985575
18430954983141876711
17260019062877004775
10360469163541080039
10342454764633155559
10342463560730503151
10344715360544188399
11497566564316827471
11497566288365178703
11497566288366227295
11502069887985209311
4548370777691590607
4548370777632870287
4548388367537213327
4548388367537475487
4548388367537475487
4548388367537475359
4548388367537475359
4548388367537475359
4548388504976428959
4548388504976428959
4548388504975380383
4548423672159748031
4557431103074287423
9187202377979756415
18444460693537423359
16412110036429435895
508695101904519155
522276819286622195
9223372036854775795
18446744073709544435
18446744073709544439
18446744073305323519
18446743970227159039
18446717582217052159
18446717582351269887
18430955052374949887
18430955086734688255
16701590422010462207
16701590422010462207
16710597621265203199
16710597621265203199
17854494334431264767
18444465782537584639
18446735174403096575
18446744038945587199
18446744073573746687
1587224
1849400
1849400
1847352
136067096
1063000
17248041048
17448319064
268449848
4398046525496
565148977862680
562949954606088
562949957751816
281474981041160
150632
562949953421352
562949953421312
0
4398046511232
34359738368
34359738368
0
134217728
0
34359738368
68987912192
68853694464
68719476736
34359738368
34628173824
34493956096
68853694464
403177472
8796361457664
103347650560
103616086016
103213432832
103213957120
34495004672
34762391552
51942260736
69122129920
103482392576
8865080934400
103481868288
103347650560
35287585521664
4521295295283200
2251903295553536
26492836249600
6852277127612416
6808279551973400
2278291441990712
2278291576199192
8830856992792
8830588557336
8830588557336
8830588557336
8830588033048
8830588033048
8830856468504
8830856468504
8830856468504
8899575945240
26491829098520
8865283840024
26457468835864
17661308704792
17661308704792
17661308704792
17661040269336
17661107378200
17609500661784
17643860400152
17643860400152
17695400007704
22093446518808
22093446518808
22093446518808
22093446518808
1147993353361432
1147993353361432
22093446518808
22093446518808
22093446518808
26457401727000
2278257216460824
6781856843831320
6781891203569720
6781891740448824
6781891740446776
6781891742543928
6781856845410360
6852639382843448
22650422450745392
4625249801912475760
13563782411346032
13563714764562544
13564264520376432
13705003887779952
13705003887779952
13775372631957616
67818568160403568
49804167503442032
26629660782704
61813440929888
106516812185792
141289391652864
0
50331648
234881024
201326592
469762048
402653184
939524096
268435456
0
0
0
0
0
1614856384
550776131792
827317337252
141153826122282
70578786379013
36170326726865602
13871298888829893089
13889348283639198448
13898355036114776288
6949177853116148192
2337491568307495024
13634092175784048
13563722358126712
13563722291017848
13563722291017848
13563722291017848
13563722291017848
13563722358126704
13563722358126704
13563722358126704
15815625251027040
15815625250994224
13572621496514608
13572587153029168
2319485965178073136
2319477169085182000
2319406731621462064
2319406731621593136
2319406731621593136
2319415527706226736
2319415458986750000
3472336963593596976
3472336963593646128
1166493956464914480
1168745746619250736
6781859421564984
6782134439974936
6781943347288092
583225051319897116
583242575324387544
6781893887924248
15789100658858008
15788991237855256
6781929422067736
6781928331548696
6781998124767256
6781859108755484
6781860165720088
6781791446309912
6781790313846808
6781790305721880
6781790305459224
6781789233814552
6781789231651864
6781789231651864
6781789231651864
6781788124355608
6781790271839256
6781790290713624
6781790358084664
6781790364384280
6781791949831192
6781791949569048
6781791983385624
6781791985482776
6781789837999128
6781789846387736
6781789837999128
6781789835639832
6781789856611352
6781791999900696
15788990147345432
15789127586298904
15789127586298904
15789127597046808
1745206431440518168
1745206431440518168
1736199232185777176
1736199232177323032
1736199232177323098
1745206431440452698
1745206431440452698
1745206431440518234
1745206431440518234
1745206431440518234
1745206431440518234
1745206568879471640
1745206568879488536
1745207191641292312
1745207120755211610
16701536952954373029
16701536884234896293
16701536884234634149
16701536952954372901
16701536952954372900
16701536935774503716
16701536901397988132
16701536832678511396
16701396095190156068
16701394712210424612
14395692994550547236
14404700193771733796
9504679344514253604
9504686505298477860
9774850119672513445
9774928588792120229
9486698216935376805
9774788117591746340
9774781520521969920
9779285120149192960
5126222834191925504
8584003285105606912
7440933404683632896
2865134346275192834
4278190146
4278190080
4278190080
4278190080
4278190081
2264924160
551920074752
2147483648
278099132416
2147483648
552977039360
552985427968
965302321280
827867562144
327495467104
36029330672861280
4611686277736091744
9259401092110774384
9259401092110758008
54043453782237232
54043458077274160
18014661056737328
2323857665421817904
2323857665421750328
2305843129476462648
3458764634351736888
1152921625138042936
1152921625138042936
86171457592
206430550072
1152921573598435384
1152925971642322968
1441169541665658880
1153493353734084624
2305852939312830464
2305851839801460736
6917537858228586496
6917537858295695360
7063896015665367040
6938929956525705216
6937804056618862592
6917537858228586496
6917537927216498688
6917537926949115904
8070459431824398336
6917537927217551360
6935552325458593792
6917537858228586496
6917537926948063232
2305869432255678464
4611699247061403648
2317110838869624832
1155235461321984000
1164242248259995648
2278291306711040
26422773549056
17695400007680
22570877909997568
4616207244735289344
4616224836921604120
9264010020977907736
4503634390293016
4644852713658904
4504115964550168
4521708150594585
6755915778235673
6755502924504346
4618441521133787418
6755502706407706
6756052965538074
6756052965538074
1159677557572385050
1159677012111866138
15044495059256482844
17940362863829325848
8952307773047857248
4340518681881501792
2043541721580453952
584373791968083984
6768997814894608
2300446198664465
6822041736875281
2312624917706607616
24800705579453440
6786317807394304
6786315659943424
7914414606851859
291624703288614658
434323615964401415
217020535761470211
569577205794567
1704303404650127
1704303387872783
1696572446740239
289926948598517519
145811760522661647
146093239676899087
1978051601043215
1978051601041167
1978051601043215
1696576624332559
145811760405679887
1696606807002638
1696606807002638
1704303388397070
1704303388397070
292186479353794062
292186479353794062
292186479353663006
868647231657090590
291623520810311198
3390945870224926
3390945870224926
3956103436963342
292186479353794062
3956103202082318
3956103202082318
1704303389449758
1704303388925471
1696572447792927
289926948599570207
1696572330950431
1978051602628383
1978051604725567
1978051604725631
1714168811437951
1696576624344959
1696572329824127
1696881684909630
1695507295374878
1704303388401278
1704303388409470
292186616792759934
292186479353806462
292186479353675390
291623529400245886
3393144658599550
3390945870233214
3393144893488766
3956103202094718
3956103067876990
1704303388409470
289934782623583806
289934679405903486
1695472800972415
1704268893929343
1705372700589951
1978051601055615
1978188972885823
1978189039994687
852289066057535
1978189040009023
1986985132965759
1705505844510335
866386601256099452
289934645045628478
1704303254191742
1704303254191742
1704303254191742
1704303254208126
3956103202111102
3956103067864702
3956094578597502
3393153216052862
3393153218150014
1704303257353854
289934645047230078
289934645046165118
289934645046152830
289934645046165119
1704268895501951
1705368406605695
1978051585326975
1978051601055615
852151694198591
144984914708858687
852134446841663
852134446964543
852134446833471
72909728484755263
72905330438374151
284786447024903
284786447024387
282587423768835
1112447058177
3311470182656
3311436628225
3311436628225
4311810305
38671548672
34359738368
34359738368
34359738368
34762391552
34762391552
103213432832
103213432832
68853694464
17661040263168
17661040263168
34763440128
8830722244608
8830722244608
8830722244608
103349747712
4502067347456
121198608384
121198608384
258704670720
258704670720
240987930624
240987930624
240987930624
258167799808
206561607680
103482392576
103482392576
69122654208
103483441152
34763964416
69123702784
17661309747200
17661846618112
17661915824128
1010302976
1010302976
741867520
775421952
775421952
775684096
70568902656
70568902656
70854115328
4503670481616896
70854254592
1152939717407219712
1731661340495261696
4522020733663232
1157443731498940416
1446949541138889728
1159845116433628672
1736305877326970624
1736376250366115588
1736305877326970630
1736305851557166855
1737431717112659727
1304949813443264271
1304386726050889487
1304382362313817983
1302132503624023935
1734477500915908607
1158007960706547711
3463288010302619647
12688909645865877503
3463285809193351423
626309380163042559
1743202091978759420
1736613852664831230
1880588440573582492
1233170155615885340
7610068288739356
7627523572701213
7064573619280157
7068836374321437
4817036023765277
4812637843034396
4812673276514584
4531196152320280
4531161792581912
4531196152320280
4531196152320280
4533397323059480
4533397323059480
4533397323059480
4533395175575832
6782994892263704
6783132868088088
6783132868087864
6787805792505912
6787805792507960
6787668353562680
6787668353562684
6787805792516156
6787805792516158
6786707354630206
4537072206492222
4532678437122618
13566267078353522
9071393486561904
27719660449448676
27715264019874020
4675990701581042884
9278792666056000708
9281009005533332612
9267436634008454152
9560170092243979272
597866096414690312
4038616211725749256
15572334857421588488
1737294463313385496
1736168563407591448
4051049695573194808
8662735697359681592
8680820740569200760
17940221574442940536
17361641481138401520
17361641481138401520
17361641481138401520
17361641481138401520
17361641481138401520
17361641481138401520
17361641481138401520
17361641481138401512
17361641481138401512
17361641481138403560
17361641481138399464
17361641481138399464
17361641481137875176
17361641481137875176
17361641481003657448
17361641481003657448
17361641515363395816
17361641446643919080
17361641446643919080
17361641446643919080
17361641446643919080
17361632650550896872
17361632650550896872
17361632650550896872
17361632650550896872
17361632650550896872
17361632650550896872
17361632650550896872
17361632650550896872
17361632650550896872
17361632650550896872
17361632650550896872
17361632650550896872
17361632650550896872
17361623854457874664
17361623854457874664
17361623854457874664
17361632650550894824
17361632650416677096
17361632650414581992
17361632650416679144
17361623854323654888
17361623854457350376
17361623854321035496
17361641411612565736
17361641446643392736
17361641480330469600
17361641412284180704
17361641481272092904
17363893281085778152
17363902077178800360
17363902077178800360
17363902077179848936
17363902111539591400
17363902111539591416
17363902111539591416
17363902111539591416
17363902111539591416
17363902111539591416
17363902111539591416
17363902111539591416
17363902111539591416
17938102233576042736
17940362863708271856
17940362863708532976
17940362829348533492
17940354033255511280
17940345236894052576
17940362829079044336
17940353964267593968
17940353964267598064
17940358431300972788
17940358362581497076
17940358491498935540
17940360660457944316
17938107795626587380
17938106584176850164
17357129149706729704
17357093758503545056
16195156047291273424
13871263581625950368
9223372552250867712
1030792183808
962072674304
824633720832
824633720832
0
0
2147483648
3221225472
1082130432
1086357504
1623228416
1616953472
137982132416
206965858368
17799151886432
17661713981472
17661175009328
2269460988694544
2269495348434968
2269495348434968
2269495079999512
2269495079999512
2269495348434968
2269495483176984
2269495483176984
2278291441981464
2278291576199192
2278291576199192
2278291576199192
2278291576199192
2278291576200216
2278291576200216
2278291576200216
2278291576200216
2278291576461336
2278291576461336
2278291576461336
2278291576461336
2278291576461336
2278291576330264
2278291576199192
2278291576199192
2278291576199192
2278291576199192
2278291576199192
2278291576199192
2278291609753624
2278291609753624
2278291609753624
2278291609753624
2278291609229336
2278291609229336
2278291609229336
2278291609229336
2278291575674904
2278291575674904
2278291609229336
2278291609229336
2278291609753624
2278291609753624
6781891237124120
6781891237124120
6781891237124120
1159703395843971096
1159703395843971096
1159703395843971096
6781899826542616
6781899827066904
4530100013373464
4530100014946328
580990852318894104
580990852318894104
580990852318894104
580990852318894104
580990843728959512
4530091425536024
4530100019664920
4530091429730328
4530091425536024
4530091425536024
4530100015470616
4530100015470616
4530100015470616
4530100019664920
4530100019664920
4530100019664920
6781891239221272
583242652132579352
583242653206321176
583242653210515480
583242653210515480
583242644687689752
6781892346517528
6786289317189656
6786307033929752
6821628844972056
6821628777863192
6821628240992280
15828827495733272
16954727402575896
16954727402575896
2611028112767981592
2611028112835090456
2611028113371961368
3908064806057023512
4480094535090444312
3332239580064398360
7961940271912729624
7385461928497003580
16645303666537544764
16643034240195116092
17832002619338291774
9223353824037468794
18442240474082147864
18442240474082180632
17293822569102704252
18446744073709547262
18446744073709551615
18446744073709551615
18446744073709551615
18446744073709551615
18446744073709551615
18446744073709551615
18446744073709551615
18446744073709551615
18446744073709551615
18446744073709551615
18446744073709551615
18446744073709551615
18446744073709551615
18446744073709551615
18446744073709551615
18446744073709551615
18446744073709551615
18446744073709551615
18446744073709551615
18446744073642442750
18446744073692708862
18446461494909401074
17940932419355344890
17940927987083837426
17940928025738543090
17363904323481698290
17941495373755252722
17940646542171897586
17940646542171895538
17940646542171897594
17940646550761832186
17940646550778609402
17940650966004727546
18230007224883412986
18230002826836901882
17940646550778347514
17940646568025325306
17940650966072098554
18230007242130652922
17651290274719790834
17941209500731766498
17940646550777816806
17940646550642550518
17941200051399485030
17362469904948848198
18931680106694214
18931680106694214
18931680106694214
18932229862508102
18650757033289286
18650754888164934
18650480001869382
18650497248847430
18650768335103558
18650905807447622
4775018910504478212
10245413166966374
2604284168211064551
2316229164163983079
10386704701875942
137332203480294
6822366154138854
6822361863496934
6821812090905702
6821526476568166
6821525369286246
6821525363893478
6821525363893478
6821525363893350
6821525363910246
6821525368104550
6821525368235622
583282277671659110
7947425275078246
16954624529802854
870386857395643492
1446847609699050596
1446847609699050596
1446847609699050596
1446847609699050596
1446847609699056740
1446847609699056740
293926105092209764
293926105092209764
293926105092209764
293926105092209764
293926105092209764
289422505464839292
307419311788274740
21511035474949174
868117671554465332
877124871916502588
584514050029665848
872605750147366460
2025597659888172604
2035132628482293308
4340976597621177916
4340976597064416828
4358991030067822332
9115144282153815678
9114861674380002878
9114861742898157086
18374227375492316974
4395221790427659012
4359179803295709700
4359061127309524500
4359061127275773456
4341047826147196416
4485373295817793024
4557430888798821888
4557430888796720640
2242545357979321344
2242545288990818304
1085102592435945472
506521947236991104
506521930065543296
506518071037427840
506518071037427840
506588439781605504
506447702293250176
506447975019495616
506447976093237440
506447428484874432
506447428484874432
506447426337390784
506482610709479520
506482610709479520
506412241965310048
506412241965310048
506412241965310048
506412241967407200
506412379943231584
506412105065324640
506412105065324640
506412105065308256
506412103991566432
506412103991566432
506412103987372128
506412103987372064
506412103987372080
506412103987372080
506412103987372064
506412103988420640
506412103987372064
506412104255807520
506412103987372064
506412172706848800
506412172706848816
506412207066587184
506412207066587184
506412207066587184
506412207066587184
506412207066587184
506412207066587184
506412207066587184
506412172706848816
506412172706848816
506412172706848816
506412172706848816
506412172706848816
506412172706848816
506412172706848816
506412207066587184
506412207066587184
506412207066587184
506412207066587184
506412207066587184
506412207066587184
506412207066587184
506412207066587184
506412207066587184
506412207066587184
506412207066587184
506412207066587184
506412207066587184
506412207066587184
506412207066587184
506412172706848816
506412172706848816
506412172706848800
506412103987372064
506412103987372064
506412103987372064
506412104255807584
506412104255807584
506412103987372128
506376920693235808
506447426874269792
506447426874269792
506447426874261728
506447426337390816
506447426337423552
506588165981651136
506518346993287360
506522469083939008
506522469083938944
1085093731800973440
1085093731800973312
1085101428382367744
2170187463601946624
2170202856764735488
4476045865978429440
4340374927203893248
4340405713529470976
8968980230559498240
8680749854407786496
17904183463913717760
17361499708815573249
17361622858429694209
17357120354019115779
16204199957530542594
16204164764602205190
16195159781550588932
13889316755224397832
13889250818886469640
13889250818886469640
13889250818886473752
13871236386017777688
13871236386151993360
13871227590058971152
13871227658778447888
13871227658778447888
13871227658778447888
13871227658778447888
13871227658778447888
13871227658778447888
13871227658778447888
13871227658778447888
13871227658778447888
13871227658778447888
13871227658778447888
13871227658778447888
9259541640351062032
9259400902862704656
9259400902862704656
9259427291141771280
9223398494122807312
9223398494122807312
26457268031504
26457268031512
26457268031512
26457268031512
26457268031512
26457268031512
4530056895926288
4521260802904080
4521260802904080
4530056895926288
4530056898033712
4530194336987184
4565379245946928
4565379245946928
4565379245946928
4565379245946928
4565379245946928
4565379245422640
4530194873333808
4530194873858096
4530056895936568
6781891069351992
6781891069351992
26491762522232
61814112532604
4556583287160062
13642981810536446
15824412875652479
6786443936284284
2282706869959743
13254773317182
13254521720607
30183196431
13002802947
4345496323
16843123
12401
2109496
1062968
272119868
9227928619468725276
9223407462015048732
9223389663803739164
13871095751876545550
13889242023129252878
16195155383504078342
16204198576732374531
17361641480900444675
18228593239860036353
18374401693224333793
18446744069397740792
18446744073709551614
18446744073709551615
18446744073709551615
18446744073709551615
18446744073709551615
18446744073709551615
18446744073709551615
18446744073709551615
18446744073709551615
18446744073709551615
18446744073709551615
18446744073709551615
18446744073709551615
18446744073709551615
18446744073709551615
18446744073709551615
18446744073709551615
18446744073709551549
18446744073709534653
18446744073709534653
18446744073709534653
18446744073709534509
18446744073709530541
18446744073709530541
18446744073701141933
18446744073701141932
18446744073709534637
18446744073709534653
18446744073709534653
18446744073709534717
18446744073709501949
18446744073705172477
18446744073704123900
18446744073705221548
18446744073663282604
18446744073662758317
18446744073541631165
18446744073533240509
18446744073529046205
18446744072497182141
18446743788995788287
18446743788995788287
18446743788995804671
18446743789130087935
18446743789112262079
18446673351413854124
18446655767784058810
18446655767783796666
18446655630346022842
18446655767784976312
18446655767802015678
18446655767734906812
18446726411356975101
18442187618767581053
18442222807438834557
18442082061360544509
18446585660982688509
18442082061355317501
18442082069978807037
18442082061657307901
18441519111770996477
18446040303315975933
18443928966116933373
18443929034836410109
18443715704079236349
18425842034434620669
18425842034435669245
18428093834248690941
13816445474090368253
18426152371977829630
18444200726530351102
18437697115254087391
18436553644720259019
18436544917075385291
18440527348696477177
18441657620947134445
18443635698284426487
18443334427770024690
18157383369472340721
18013268185691454457
18005938836885731833
18005938841180697585
18005938841180697585
18152588403558577139
18143281003134972915
18157321766621672435
17578609016936068083
18443352647138538483
17866896292277909475
17863501017282766823
17287039835481565159
17289182371931219911
17262242275601147847
14956431010490732238
14956391479594897102
16127054703558053516
13771900520872385948
13780325524964228381
9187109152180878137
18409443225278837555
18444465091986847603
18444465367803750375
18446681742727180271
18446655905815580623
18446479709343571919
18437418702738546334
18446354978103533214
18446390839471947452
18446247902926650428
18410008829690199096
18410004414396463224
18120650345984653424
18409434875862546528
18443211855887560800
17830726704678793281
18408313359044931649
18408436469718315073
18403932938810160129
18439821479377100800
18446717581947036832
18442213982588101856
18442213982453884640
18442222812906383072
18442187491028496096
18433180291838766816
18442187490489257932
17280258786627669960
17280258786623459208
16113773500686638872
18392453624213483320
18410503342320979833
18446602784307355647
18446744073166340031
18446744073694838655
18446744073701163007
18446744073705604035
18446744073302933889
18446744072694629315
18446744037231936451
18446744073302950851
18446744073302950851
18446744073298625475
18446744073298625475
18446744073298625475
18446744072694760387
18446743831107060679
18446682242345584583
18430914969656068047
17276797197001670591
14098421495277535231
11936128069896486847
2604246325671050623
39738048020028
155629403196
39738048003132
39738048003196
39738048003196
39841127218748
9122064870833208
6949186433726560312
8104289360812718288
8104360005512740864
8680825155867377664
8971028063454232576
18446462593406107712
18446744069821875138
18446744070429852611
18446744073701245123
18446744073705587073
18446744073705603969
18446744072766063491
18446743831102849991
18446691038442801095
18444426043411892207
18438796700177899455
17566263570215976895
16547531250959335231
2604206484950433085
307480625866619964
4828618570812
7010461957180
1801274925792316
451595813942475836
921100507504196668
14440836289651292216
1736164286158878776
867004759561222264
867004759561236600
578774383409508472
581026166042802232
576522566415431736
576487382043342904
576487243933300792
288256833421850680
578739009385675824
2269461056335928
17661309235248
17661309753368
13528460057645056
17798614489104
68988964864
35322619506720
35391069495296
35391069511712
1077960736
275955867744
275955859520
275955859456
275955859456
70644700037120
70713419513856
70644700037120
551911719040
32896
256
4295163904
284777890447360
72344579508076544
144690262772416512
289922554729201664
292186483513884672
291612534283436032
289369521939808256
2260699188035584
2260699188035584
2278222654603264
26422841968640
17695401056256
240788183040
9608111855632
9893192415280
9893326633008
2261693173872688
2261692649601136
9225633728428533872
9225633728162195568
9802094480461442296
10090324856871103736
10090465594896329976
10090465594896297080
10090324857475042392
10090329257534954584
11243250487414888472
11243250351047972872
13550218697531791388
13554739889343103000
13563747088597850136
18391641072439467008
18391641207726873624
18319583613655399452
16049840045116307997
18446317997896187699
18437521904873963293
18446707227134785469
18446742420130297791
18446744066176516095
18446744069393022975
18446744069397725183
18446744073558556415
18446744073558556671
18446744071427784695
18446744039340898295
18446744039215036415
18446744073574807551
18446744073709027327
18446744073709027327
18446744073574807551
18446744073709551615
18446744039349809135
18446744039348760559
18446744039080325119
18446726412534542303
18446726412534542303
18446726412534542335
18446717616441520111
18446717616441520111
18446717616441520111
18446726412534542319
18446726412534542319
18446726481254019055
18446743866744762311
18446708751092139983
18446708751091091407
18446708751090042847
18446708751090042823
18446708751090046927
18446708476212135887
18446638106394199943
18446638106658441095
18437630907403700103
18437630907403700103
18437630907403702151
18437630907403702151
18437630907403702151
18437630907403702151
18437630907403702151
18437630907403702151
18437630907269484423
18437067957316063111
18437067957316061063
18437630907268958087
18437630907268958087
18437630907403175815
18437630907336066951
18437626509289555847
18437626509289554823
18437626509289292675
18437608917103707011
18437613315133309827
18437330736316448899
18365273142278520970
18437048157533143177
18004702593322352777
18148254831444852865
18148250356088341379
18148322890439754115
18148314368989839819
18152822383843590607
17863461709738656207
17863466107852276679
17863501292694136775
17863501430200067055
17863510260652950511
17287049508349527023
17289301308163474407
17287049508484007919
18442222812905064431
17289266123384539119
17287014186131883983
18433180291301869455
17280276447869503375
16131788311313227663
16131823083098972063
11510953943559544735
13816902366294654751
4557501533498851135
9187342414656798591
18410715273463070591
18446743521806196671
18446744073701162879
18446744073701163007
18446744073700638719
18446744073566420991
18446744039215071231
18446735243122046975
18446735243122049023
18446735243122046975
18446735243122046975
18446735243122046967
18446744073709024255
18446744073709286387
18446744056462310387
18446744056462310395
18446739658415799291
18446739658415799291
18446739658415799291
18446739658415799291
18445613758508956667
18445613758508956667
18445613758508956667
18445613758508956539
18445613758508956667
18445613758508956667
18445613758508956667
18445613758508956667
18445613758508956667
18445613758508956667
18446739658415799227
18446739658415799227
18446739658415799259
18446739658415799259
18446739658415799291
18446739658415799291
18446739658415799291
18446739658415799291
18446739658415799259
18446739658413677531
18445613757969988571
18445613620531026907
18445613620528929755
18446739520439966683
18446739520169434075
18446739519095692251
18446739519095692251
18446739519095692251
18446739519095692251
18446739519095692251
18446739519095692251
18446739519095692251
18446739519095692251
18446739519095692251
18446739519095692251
18446739520437869531
18446739520433675227
18446739520437869531
18446739657876823003
18446739657876823003
18446739657876823003
18446739657876823003
18446739657876823003
18446739658413693915
18446739657876823003
18446739657876823003
18446739657876823003
18446739657876823003
18446739657876823003
18446739657876823003
18446739657876823003
18446739657876823003
18446739657876823001
18446739520437869529
18446739520437869529
18445613620531026905
18445613620396809177
18445613620396264411
18445569536851938267
18443317737038267339
18443317736768783307
18443317771128521667
18443317735697138627
18443317735697138643
18443317735697138627
18443317752877007827
18443317735697138643
18443317735697138643
18443317735697138643
18443300143511094227
18443300143511094227
18443300143511102403
17578609015053870019
17569601815798989763
17424939070932500929
18444933732138860993
18446741331381387263
18446744073072017407
18446744073709551615
18446744073709551615
18446744073709551615
18446744073709551615
18446744073709551615
18446744073709551615
18446744073709551615
18446744073709551615
18446744073675997183
18446744073675997183
18446744073070444543
18446743917375782911
18446717529096716287
18446717529098813439
18446717530172555263
18446717530206109695
18446743918486749183
18446743918486749183
18446743918486749183
18446743918486749183
18446743918486749183
18446743917379452927
18446743633911611391
18446743633911611391
18446716689415929855
18446677106995232767
18446604539227537407
18430700103527366655
18375548600279171071
10304535256053637375
216480886299869436
216199411858981104
72084241031151840
72084105203597536
9331599838042572000
16267213615757313732
17357084104949761028
17937837316288023556
8678454074533218316
4048753657596348424
4041980665968199688
1736137656753979400
1736137656753979416
1736137656753979416
1736137656753979408
1736137656753983504
1736137656753983512
1736137656753983512
1736137656753983512
1736137656753981464
1731634057126610952
1731634056859748360
1731634125579225096
1729382325765539840
1729382360257923072
1729382359989487616
1729382360123705344
1729382360124229632
1729382360124229632
1729382360124229632
1729382359990016000
1729382359990016000
1729382359990540288
576460855652126720
103348703232
103348703232
17695534747648
17695534747648
17695534747648
17695534747648
17695534747648
17695534747648
17695534747648
103348703232
103080269824
103079745536
103079741440
103079741440
103079741440
17695265785864
4565413200926744
4565413200402456
13577250885605400
2319415862589657112
13572852839092240
15815856559757328
4645586644397209648
4645587194817820720
17938102267923675184
17938111028650326064
17940362828464011312
17940362828464011312
17938111028650326064
17938111028650326064
17938111028650326064
17938111063010064432
17938111080122824752
17938115443674855472
17938115443741964336
17938115443742488624
17938111045830195248
17938111043548493872
17361642306951278704
17357138914693050720
17357120096302260720
13898322592836010720
9259544350181212800
9259408045091226624
1139699603999748
3391977200290828
579870322763504648
583248022486128664
583278793711958040
1745277866317723672
4069135272963473408
4062467350463512576
6971581053756506112
13871095682888105984
13835066885869142016
9223372071348731904
34493956096
34493956096
34494480384
34494480384
34494480384
8830588551168
8830587504640
8830587508736
8830587508744
8830587508744
8830587508744
8830587508744
8830588557320
8899308034056
103483447320
17695669491736
17695534749720
17661175011352
17661175011352
17661175011344
17661175011344
17661175009328
17661175009328
17661175009296
17798613970960
17661175017488
17798616070160
4521329524475920
4521192217903104
2269392404217856
2278188499337224
2260596313030664
2265114350197768
2260647582383104
8830588821020
8830587772444
8830856203804
8830654614540
8830587767820
8830587505676
8830588553244
2260630670674972
2260699390150684
2278291576199196
6781891205675036
6781891205675064
6781891205673016
6781891205675064
6781891205675064
6781856845936696
6781856711718968
15789055966459960
15780259873437744
15780259873435696
15815444245526576
15815444245527608
15815444379737144
15824274830661688
6817092856453144
6781917007321112
6786310792419352
6786310758864920
6786293629261848
6786293562087448
6786289267128888
6786289267128888
6786289267194424
6781891220675128
1695507295440399
0
0
0
36170086423249024
13572578634905656
6781891203832860
6781891203832860
6781891203832860
6781891203832860
6781891203832860
6781891203832860
6781891203832860
1704303388462863
0
0
0
36240455167426752
61676673580092
1156789716129816
1156789716129816
1156789716129816
1156789716129816
1156789716130840
1156789716130840
3408589529816092
7912137617579550
3956094578593551
1978051601041159
1978034353799939
852134446957315
110060027364049667
14106333427460571523
16421223494307660227
16422349394214486467
16422349394214502851
16422349394214437315
16422344996167909763
16422344996167975363
16422344996167991747
16422344996172186051
16421219096265343427
16421219096265474499
16277103908189619143
16421219096265475015
16421219096265476039
16421219096267843559
16421219234243667943
16421216897242490855
16421181712870131671
16349124118832206803
16421183903303455739
17357967819026977779
17938086641953666035
18228566618877978599
18228566610283783910
18230001472924599500
18301777596280786124
18302059083068394888
18300933178866568585
18445048366959200649
18445048504407066889
18445604857290164505
18155122681291282707
18443353143426224915
17868004890731680531
17863501291037332263
18439962213159741223
18439926891349223207
17280258508515911503
17280258508381957967
17280258577172746063
17280258577172746063
17280258577172746063
17280258577172746063
17280258577172746063
17280258577172746063
17280258577172746063
17280258577172746063
17280258577172746063
17280258577172746063
17280258577172746063
17280258577105637199
17280258577105637199
17280258577105637199
17280258577101440847
18433180081708287823
18433180081708287823
16127337072494593871
16127354664680638287
16127354664680376143
16127354664680376143
16127337072494331727
16127337072565634895
16127337072565634895
16127337072565634895
16127337072565634895
16127337072561440591
16127337072561439567
16127337072561701711
16127337038201965391
16109252270948305735
18419615922488036171
11502086894846955339
11502086894846941085
11465917360339617695
4548388333236455199
4548388471749150479
4557395635442491151
9169116839323582223
9187131306544189231
9187201881455194095
18446743521393635311
18230571291459971055
18446744073709547471
18446744073709547487
18446744073709551615
18374405004694913023
18446181123756130303
18446739641303302143
18446743953450467327
18446744073575333887
18446744073708503039
18446744004721639423
18446744073574285311
18446744073709537279
18446744073705349103
18428659030504243199
18446743935733710783
18446744073439002495
18446744039079264127
18446744039079231295
18446744039079223103
18446730810043080511
18446735208077016895
18445609304948940607
18445609270589202207
18445608308516527903
18409438810523799439
18391442795552296911
18427541961315436487
18436549298413356999
16140839388361253827
18442213982319666145
17289292477846774753
18442213982453621217
18442213982453621185
17868005029762548165
17866896722042667495
18443353127838138823
18443353145252897255
17868022690903812087
18446717556327838711
17289292452110529527
18442213956448941031
18446680172680959975
18437677234201544647
18437677234201544647
13834989618935874499
13833863727616870343
13833863727616870343
13833863727616869319
18445584930418443207
18445584930418443207
18427570531908961223
18427535347536872391
18445549746046354375
18445549763226223559
18427535364716741575
18427535347000001495
18427535347000002519
18427535347000002519
18427535347000002519
18427535347000002519
18427537546023258071
18427535347000002519
18427537546023258071
18427537546023258071
18427537563203126231
18427537563203126227
18427537563203127255
18445551944532740055
18445551944530642903
18445551944530642903
18445551944530641879
18445551944530641879
18445551944530641879
18445481300908819411
18445481318088688595
18445498910274742227
18445498893094864855
18445498893094864855
18445498893094864855
18445498893094864855
18445498893094864855
18409505280447989719
18445534077466691543
18157303735675241431
18157308132648011719
18155126701645874115
17578661551161722819
17578661551094613959
17579787743059232711
17579791867368425423
17579800663461708743
17579800663461185487
17579791867368171499
17579791867368171503
17579791867368695791
17579791867368695783
17868022243520407523
17868022243520407523
17868022243520407523
17868022243520407523
17863518643893036999
17862392743986194375
16709396472521278403
16710522354174510023
16709470671365456835
16709466290499077059
16709466359218292679
16709466341962647495
16421235965878013895
16421210056487800775
16421209506799095559
16421244691171053317
16276496244493584135
16565852529142073095
14259870972906768142
14187513362485281286
14153753961760883463
14298431958106571011
16604277450079994113
16676405412895653888
17289177403579302912
17289177678458330630
17293822566942580511
14987979559880572735
17293822569102704639
18446744073709551615
18446744073441116159
18446744073306898431
18446744073306898431
18446744073306898431
18446744073306898431
18446744073441116159
18446744073707978751
18446744073707978751
18446744073707978751
18446744073707978751
18446744073708503039
18446744073709551615
18446744073709551615
18446744073709551615
18446744073709551615
18446744073709551615
18446744073709551615
18446744073709551615
18446744073709551615
18446744073709551615
18446744073709551615
18446744073709551615
18446744073709551615
18446744073709551615
18446744073709551615
18446744073709551615
18446744073709549567
18446744073709549567
18446744073709545471
18446744073440061439
18446744004720584703
18446744004720586735
18446726412534542319
18446726412534017999
18442222778412683215
18442222778412683215
18442222778412683215
18442222778412683215
18442222778412683215
18442222778412683215
18442222778412683215
18442222778412683215
18442222778412683215
18442187594040594383
18442187594040592335
18442187594040592335
18442187594040592335
18442187628400330703
18442187628400330703
18442187628534548431
18433180429279807439
18433180429279807439
18433180429279807439
18433180429279815623
18433180429279553479
16127337282090035139
16127337282090035139
16131858473836342211
16131858473836866499
16113844075327374283
16113844075325277131
11502087688220820427
11502087688220820427
11502087413342913483
11502087688220820419
11502087756940299207
11502087756940299203
11502087756941347779
11502087482063440787
11502087482331876243
11502087482331876243
11511094681586862995
2287722644727890835
2287722643654148887
4557536855847274263
4557536855713056519
4557536993145718543
4557572141010595599
4557430853497982735
4557430716059029263
4557430990936936207
9187131408409104159
9169073167544557375
9205207482247356223
13832638095140274175
18444473647151185919
18444473647159574527
18444465402969849855
18446734932135903231
18446743968749191167
18446744038407143423
18446744073571651583
18446744073709015039
18446744073709015039
18446744073706917887
18446744073706917887
18446744073706917871
18446744073707966463
18446744073573756927
18446744073571651583
18446744039212437503
18446744039212445695
18446744039212445695
18446744038677671935
18446735242987302911
18446735242985205727
18446735242985205759
18446735174131509247
18446735242987302911
18444483443173097471
18444483443038879743
18444483443038879743
18444483443038879743
18444492273625858047
18446735208627040255
18444465885212569599
18444474612586117119
18439962285585201143
18439962216999938039
18439970978733213695
18442214016813615103
18442214016811516887
18442214016811516903
18444474612720322503
18439962217000454087
18444465815956746183
18442213878702002119
18442187489352339343
18433215474462347151
18442187489344982927
18442178694325702543
18446717461279510495
18446691073268881359
18442187489344462751
18442187558064480159
18433180341898305439
18433180341621989279
18437630887666327463
18428623293410918207
4557431128784338815
4557430649358614399
4557430632178745215
4557430853637996415
4557502064061546495
9187334336637042559
18444438669474398207
18151493587471171583
18155988254640308223
18445590718748499967
18446736527720447999
18446744018067914751
18446734758462357503
18446729793480163327
18446734758453968895
18446744073567412095
18446744073709547463
18446744073709551615
18446744073709551615
18446744073709551615
18446744073694871551
4548423691167334399
508871504532865023
271315420416311295
14403624313963937791
14404750162464866303
14404754577691770879
14981215329860976639
17289310138888355839
16710597586771247103
18439979843681517567
18444483443308888063
18444483443308888063
17868022691005464575
17868022691005464575
17868022691139682303
17868022691005464575
17868022691139682303
17868022691004940287
18444483443308361727
18446735243122046728
18446744039215007752
18446744039333562376
17868022686845241352
17868004871320373272
17867999635755239424
17862262384081502216
16709199042474672136
14051512312372658176
16357073846609641472
9439544818968559616
144115188075855872
268435456
134217728
0
0
1125899906842640
0
268435456
17179877376
43980465119232
144132780261900288
68719476736
72057594050510848
35184372088832
8388608
4503616807239680
1152939096792924160
0
288230376151711752
16777216
1099511627776
0
18432
2048
1099511627777
33554432
4563402753
1105970921729
1112413372673
3311436562752
3311470248704
7726698726146
6627235332871
1695477095596807
1154625774576600582
3956137393391110
3956068673914374
3956068673914374
3956068673914375
584920420604708359
584357470785504775
584357470785504775
868647197263267335
868647197263267334
868638401170245126
866386601356559878
866386601356559878
866386584176690702
866421759963041294
866386584176692750
866386584177217038
866386584110108174
578191426757332494
577593292364451406
577593292632886286
577593292632886286
577602088725908494
577602088759462926
577602088759462926
577602088725908494
579853888539594252
579851689516338700
1741780384788024844
1737276785160621580
1745153686462008844
1168728187250150924
15894643573525516
15894781013527580
13643256077749772
62088718847004
62090061024284
9037553343516
8968834915356
8831127525404
8796767788060
26457140632604
26457270655004
17661177108508
17661177108508
17661177108508
17661177108508
17661175011484
17661175027740
17661711882268
17816330704924
17798613964824
55044570355736
17661175011352
13528460057122840
4521260533946424
4521260802381880
4521260802381848
4521260802381848
4521295162120216
4521312341989404
4530121319913532
6781886908076088
6781921133596984
6773125057359920
6773125613232176
4556505875619936
9042797610983520
9043072553893984
105829726437568
70644960084160
71196859203776
36170087744438400
140740156981248
3204448256
554034003968
554034003968
4286578688
4273733632
4244373504
2305843011310714880
1157425106264129536
3494793310856216576
10380946709046833152
12725088458175934464
10435078158695789568
11013773651334853888
11011539031928143652
15623084312867143584
15046623560563720096
15046623560559525760
6363674682896219904
6363674682830282752
15587046478093189120
17928918146886828032
17352598684121858432
8124705729792491968
6949266159401615808
6949125421644431553
6944656594307236321
6944797879406027233
6944657144811741665
13862326909773373921
13853178487438926305
63156437020402145
54156932199555553
18136862545781153
122464036299040
106800290570272
106800307249186
36500291068466
9042600034181682
9068988313244210
13537403825426962
4535702126760466
4535693519917082
4535697278079002
4530198646200600
6781861020899608
6781861020899608
6781903974766873
6781903974766873
6781904511637913
6781904513735065
6781835794258329
6781835794258329
6781835794258329
6781827204323737
6781827187478680
6781827317502104
6781852550434968
6781848253894808
6781852548872344
2260660735457432
2265058781968536
2265058784082056
578725811087505544
579851710994348168
579851710994339848
579851710725904440
579851710725904440
1732773215332751416
579851710994339896
579851710994339880
579851710994339880
579851710994339880
579851711061448744
579851706766481448
579851706766481448
579851706766481464
579851706765432888
1732773211372279864
1732773211373328440
579851706766481464
579851706699372600
584372889922861112
583246990016018488
583247058735495288
1159703412992407672
1159703412992407800
1168710612247148784
1168710594932519152
1168712794494791792
3474595386129182960
8086282608221155568
8102045206925308080
8102045138201632992
6949189881052586080
6952556585656836192
16176756007158997088
16209547844110106848
18438231387355070912
17861770635051647425
14105768545824653761
14105697901124616641
14088246452568555905
9476560434132779393
9440390347722129793
217018310867353985
217018310867353857
217018310867353858
217018310867485442
217020518514229762
217020518497387008
217020514202419204
216737939713950720
144680345709838336
434041028404576256
433475879361314816
289360674239283200
289360708464803840
289365106511314944
290490972058419200
290482175965396992
578712552117108736
576460752303423488
576460752303423488
576460752303423488
0
0
0
0
0
0
0
0
0
0
0
0
0
0
0
0
0
0
0
0
0
0
402653184
404226048
404226048
406591488
406594560
473700376
18186525220
17987540992
607921152
1075323928
1572900
103079232066
16896
67115008
39320
6196
6180
6144
525378
533570
24
24
24
4
60
6168
134223896
402659352
402659352
402659352
6168
6168
1054744
1579032
1579032
1579032
103080794136
103080794136
103080794136
1579032
1579032
1579032
1579032
1579032
1579032
1579032
1579032
1579032
1579032
135796760
135796760
404232216
404232216
17592590276632
26388683298840
26423043037208
26422774601752
26422774601752
26422774601752
26422774601752
26422774602776
8830856993816
8830856993816
8830856993816
8830856993816
8830856993816
8830856993816
8830856993816
13228903767064
13228903767064
13228903767064
13228903767070
13228903502876
13228903504924
13228903504924
13228903504924
13228903504924
26423043037212
26423043045436
26491764619320
26491764619320
4530057434904632
9060182783981688
13546191030644976
24902190199535864
61036917755017464
42952150499260664
9266323911402379416
6781788132792408
6781788124387480
6781788124354584
6781788124354584
2611028010295114812
2611028010295114812
2611010418109070396
2611010418109070396
7385426641050041982
7961878597260443262
7957374997364637310
7957410181736726142
7948411675495792254
17280294074552680447
17280294074552680447
16703833356608995327
14397990312431583231
15550911817172647935
15550876632800559103
14406962190009237503
14406953118031675391
14406953118031675391
14983413870335097855
14397945918777196543
14397945918777195519
14395624026170981375
7451037698640018303
7451037647905718143
7162807409394548607
8319119807861456767
8897832428664487807
4268070154530668351
4123389851871428415
4411622427046428607
4412750543164784575
2098427962299752351
2097583537369620383
2097583545959571359
2097583545959571359
940140780550344591
940422255527055247
940985205472087951
940987404495343503
940987404495343503
940987404495327119
940987404495327119
940987404495343503
940987404495327119
940987404495327119
940987404495327119
940986304983699343
940986304983699343
940986304983699343
940986304983699343
940987404495327119
940987404495327119
940987404495327119
868929810457399183
868929810457366415
868927611434110863
868927611434110863
868929810457366415
868929810457399183
868648335480688527
868648335480688527
868648335480688527
868648335480688527
868646136465821583
868645032659226511
1012760220735082383
1012760222882566031
1012760222882566031
1012760220735098767
1013042795223437199
1085100389261365135
1085100389252976527
1085100389252976399
1084818918575427343
1084814520528916367
1084258167641051023
2168499777930495943
2024402182040160199
4040888915195316099
2318297310692635619
6943458943629519353
4636560403256962553
6935643615106825725
7007956570719747581
7152656630262218621
4882842410517741181
14106267223964139132
14106262619691040316
14088261903873621564
14088261903861030460
14089387787187785276
14091639584853986876
14379863932509490700
14956342276998434318
11501805385384691206
11427355322621597318
13739988915648170626
13758073820273543298
18374228477798088832
18374365222359302272
9113861713554342273
8822816604284842369
8098005328472865265
7055136073130240121
4742502480103666813
108227682545628799
72092840955215743
9295437529524207486
9732013860479504158
10311865523287566094
11391608000579310470
13704241730977728898
18329473990860539264
9151272596688601217
18444757199037161472
17361645879182815472
16205324684625496312
13891565123106827516
9264045724989846270
35246917287935
570986056368127
508639632654536479
2241414991039637255
3978683013927473939
8029776569234950409
18437701110799008768
18446665668819550208
18300641736083431424
17361648078201876720
16205324684625500408
14468025875410250988
10412463904847099638
1157566395756509175
9007227440462847
9013861010897919
113314375516159
2057250899042303
506460684042440479
508642115112079135
1085102858825568015
1085102859899309839
1085102859899309839
1085102859899309839
1085102859899309839
1085102859899309839
506381343530616583
506381343530616583
217020721971528451
217020728430756611
217020728900518659
217020726562194179
217020656500540163
217020657565893379
217020657295360771
217020519856407299
217020588039013123
72340242367054081
72340241830183169
72340241561747713
217020587776869123
217020519057392387
217020656496345859
217020656496345859
217020656496345859
217020656496345859
217020656234201859
217055703431578371
217020586705224451
524466799589656327
5136292720134260487
12650346427035094799
2242545340733398815
4557430837125005119
9187201847088086911
9187201847088086911
18446743970361901055
18446717582215018736
18446726377923735792
18446744004719603952
18374405000110600432
18229723563781316832
17940367278528848096
18012703036140544481
18443350954450609123
18443353162061693923
18443353127567999939
18443353127635108803
18444479027541951427
18444479027544049603
18444479027544049607
18444483425590560711
18444483425590568903
18444483426127439815
18444483443307309031
18439962251493894119
18439957784727906279
16709454025149900775
14106369025768653763
13871228141692780544
0
0
0
0
0
0
0
0
0
0
0
0
0
0
0
0
0
0
0
0
0
0
0
0
0
0
0
0
