0
0
0
0
0
0
0
0
0
551911686144
13871228142779138176
16204198715185987712
13889312913249828864
14106333702346866944
9476562641788011265
9784008100393714499
9784008375271655299
14395694394709885827
14404736915775669185
16710579908346364865
16421219234243405281
16421236895148925921
16422367141562663875
16710579925526234055
16710579925593605063
16710588721149757383
14404745746295801799
16710588721686628295
17863501430472041447
17863501430202295267
17863519022388339683
18439979843411239907
17287058270084916195
17287040678033876967
17287040677897031655
17287049473990051783
18439971012956637159
18439970978596898759
17863510226565064647
17863501430202561507
17863501430202557411
14404736916379912131
14395694532216203143
10344644991796612879
11497566220720246659
16113755838776068999
16113755838775788423
18433109646874756999
18433109646874756999
18433180015618934727
18433109646875805639
18433109646875805575
18433109646875805575
16109252239148156807
16109252239013939079
11497566220586551175
11497566220586551047
11497566220578162567
11497566220578162567
11497566220578162439
11497566220578162439
11497566220586551175
11497566220586551175
16109243442652481287
14956321938044585863
14956321938178540423
14377609386062220163
14107393374061305743
16125006007122239263
18419598295809601343
9169081722854129471
18410573987284190977
16131849643306190719
18446744073709551615
17863527921965072383
18442213982723899391
18446743970227683327
18446744073305325567
18446744073439539199
18446744073439539199
18446743970226110463
18446726378041638911
18446717581948616703
18446717581948616703
18446726240602685439
18446743832250810367
18446743866608451583
18446743866610548735
4611685914407600127
17940317917531865088
17940317917531865088
17940317917531865088
18446390267306180608
290209497081676800
282589520723810
506381244628467711
18192355406984314111
17938093400840524000
17938084469590253696
17940336406038634720
17940353964133380320
18228584409541435616
17040768803781271776
8427638948841414880
2338561146404008176
13572856330907872
6781994154390512
26595258982400
17661724459008
17662985895936
17662516133888
17660905521152
17798344474624
17815524343808
17815524343808
17849884082176
17849884082176
17832704212992
17849884082176
17815524343808
206158430208
68719476736
68987912192
68987912192
68719476736
17798344474624
17815524343808
17832704212992
17832704212992
4504046303969280
9043208260550656
36011690164224
35325569138945
35323421722375
35323421722375
35323421722375
35322347980551
35322347980551
35322347980551
35322347980551
35322347980551
35322347982607
137975893775
137976418063
137976418063
137976418063
52777095073551
17730161936143
137439153935
35322347980559
35598299627783
9043349472280576
4674807609824411648
13898320520526479552
13835199723302551552
4611827821739245568
1066896719872
793629425664
18591839682560
62537945057280
2048
201326592
0
8796093022208
293634553413631
18442240474082181119
14983475960261640191
16140901064495857663
16131893865241116671
18446743796945256447
18446726412265062399
18446743833124274175
18446744039282704383
18446735260369288191
18446744056496127485
18446741866062675453
18446741866062675453
18446178898929384957
18445050799931914745
18445613758475402233
18445613758508956667
18445604927921452019
18444483443241252855
18439962182775465959
18439970978599004135
18442222812907171815
18442222675468218351
18442222812907171823
18442222675468218319
18442222623926505423
18433215424134893519
18433215424134369231
17289265925820764111
18433180291168194511
17280258786695040911
18433180291302412239
18433180291302412239
18433180291302410183
18433180291301885903
18433180291167932367
18433180359820562383
18437683856570044367
18419607644887027599
18417355843999600527
18419616474391318287
2238041758889346831
2242527748547352327
2242527765659584263
2238024166099584775
2242527765729314567
2242527731232737039
4557395704359368455
9169188103433742191
18444492273491371975
18444492204771895239
18446708682235834319
18446744039146645447
18446739572179584911
18446744073303213839
4557502082978350863
2242669055049961375
11497628068978182095
18430954981057292263
18439962182457288679
18439962182482454503
18439962181408978919
18439962181408978919
18439962181408782311
18439962181383546855
18439962182457419751
18439962180312033255
18430954981069875175
18430954981057161191
18430919798830655463
18430954983208985575
12648297877257397223
10342463560730503151
11497566288365178703
11502069887985209311
4548388367671431055
4548388367537475487
4548388367537475359
4548388504976428959
2251588128488767295
18444460693537423359
1082904604150071283
18446744073709544435
18446744073305325567
18446717582351269887
17854511926617309183
16710597621265203199
18439962285989429247
18446744038945587199
1587256
1847352
68171864
268449848
562949954605064
281474981041160
562949953421544
4398046511232
0
0
69122129920
34359738368
103213432832
8796361457664
103079215104
34495004672
69122129920
8865080934400
240652386304
2251903295553536
6887461535619072
2278291576199192
8830588557336
8830588033048
8830856468504
8899575945240
26457469884440
17661308704792
17661107378200
17643860400152
17695400007704
22093446518808
1147993353361432
22093446518808
2278257215412248
6781891203569720
6781891742543928
6852639382843448
13563783485087856
13564264520376432
13705001740296304
49804167503442032
53808161906912
0
201326592
402653184
536870912
0
2155905152
827317337252
35529509538568
13889348283639198448
6949177586819227744
13563722358126712
13563722291017848
13563722358126704
15815625251027056
13572621496514608
2319485965178073136
2319406731621593136
2319415390267273264
3472336963593646128
1159703362950475832
6781943347288092
6782183798216728
15788991237855256
6781929405290520
6781860165720088
6781790305458200
6781789233814552
6781789231651864
6781790271839256
6781790355987512
6781791949569048
6781791985482776
6781789837999128
6781789856611352
15789127586298904
15824311969135640
1736199232185777176
1745206431432064090
1745206431440518234
1745206431440518234
1745206568879488536
1745207120755211354
16701536884234634149
16701536935774503716
16701536832678511396
16701535999471371044
9504679344514253604
9765807590083904421
9774788117591746340
533395634909184256
7440933404683632896
4278190080
4278190080
50331648
278099132416
690424381440
827867562144
36029330672865376
9259401092110758008
18014661058834480
2323857665421750328
1152921625138042936
86171457592
1152921573596338232
1153493353734084624
2305851839801460736
7063896015665367040
6937804056618862592
6917537926949115904
6935552325727029248
6917537926948063232
6764367467513856
1164242248259995648
17695400003584
4616207244735289344
9227946177293982232
4504115964550168
6755640900328728
6755502706407706
6756052965538074
15044495059256482844
18175609988800315488
584373791968083984
6786308145810705
24800705579453440
6786315123105299
434323615964401415
1696606689036063
1696572446740239
146093239676899087
1978051601041167
145811760405155599
1696606807002638
3956103202082318
292186479353663006
3390945903779358
3956103436963342
3956103202082318
1704303388925471
289926948465350431
1978051604725567
1714168810389375
1696881684909630
1704303388409470
292186479353806462
291623520810311230
3393144893488766
3956103202094718
289934679405903486
1705368405622655
1978188972885823
1978188972900159
1705505844510335
1704268894441086
1704303254191742
3956103202094718
3393153216052862
1704303257353854
289934645046152830
1705368406605695
1978051601055615
869726633008959
852134446833471
72342380484952839
282587423768835
3311436628737
4311810305
34359738368
34762391552
103213432832
17661040263168
8830722244608
8830722244608
121198608384
258704670720
240987930624
258167799808
103482392576
103483441152
17661309747200
17661915824128
1010302976
775421952
70568902656
4503670481616896
1155191792098816000
1157443731498940416
1159845116433628672
1736305877326970630
1160834625367408399
1304382362313817983
1158016756866875391
12688909645865877503
1752209287005658366
1880588440573582492
7610068825610268
7068836374321437
4812638916776216
4531161792581912
4531198299803928
4533397323059480
6782995429134616
6787805792505912
6787668353562684
6787805792516158
4537067625263678
9071393486561904
4639961913118344388
9281009005533332612
913258807818980360
15572334857421588488
4042011572621023256
8680820740569200760
17361641481138401520
17361641481138401520
17361641481138401520
17361641481138401512
17361641481138399464
17361641481137875176
17361641481003657448
17361641446643919080
17361632650550896872
17361632650550896872
17361632650550896872
17361632650550896872
17361632650550896872
17361632650550896872
17361623854457874664
17361632650416677096
17361623854323656936
17361623854321035496
17361641480466260192
17361641481272092904
17363902077178800360
17363902111539591400
17363902111539591416
17363902111539591416
17363902111539591416
17940362863708271856
17940354033255511280
17940362829079044336
17940358431302021364
17940358491498935540
17938102194988184820
17357093758503545056
9223442941400334400
962072674304
824633720832
2147483648
1082130432
1616953472
17799151902816
17661175009328
2269495348434968
2269495079999512
2269495483176984
2278291576199192
2278291576199192
2278291576200216
2278291576199192
2278291576461336
2278291576461336
2278291576199192
2278291576199192
2278291609753624
2278291609753624
2278291609229336
2278291575674904
2278291609229336
2278291609753624
6781891237124120
1159703395843971096
6781899826542616
4530100012849176
580990852318894104
580990852318894104
4530100019664920
4530091425536024
4530100015470616
4530100019664920
6781891239221272
583242653210515480
583242644687689752
6786306497058840
6821628777863192
16954727402575896
2611028112767981592
3763949617978808344
3332239580064398360
17761774161656429628
17832002619338291774
18442240474082147864
18446744073709547262
18446744073709551615
18446744073709551615
18446744073709551615
18446744073709551615
18446744073709551615
18446744073709551615
18446744073709551615
18446744073642442750
18229162812888250362
17940928025738543090
17941776848715186162
17940646542171897594
17940646550845456122
18230002826836901882
17940646568025325306
17651290274719790834
17940646550643599078
17362469904948848198
18931680106694214
18650757033289286
18650480001869382
18650905807447622
10245962922780263
10386704701875942
6822361863496934
6821526476568166
6821525363897574
6821525363910246
583282277671658598
16954624529802854
1446847609699050596
1446847609699050596
1446847609699056740
293926105092209764
293926105092209764
21511035474949174
580010450402295356
2025597659888172604
4340976597621177916
9115144282153815678
9114861742902099486
4359179803295709700
4341047826163973632
4557430888798821888
2242545357979320320
506521947236991104
506518071037427840
506447702293250176
506447978240721088
506447426337390784
506412241965301856
506412241965310048
506412379943231584
506412105065308256
506412103991566432
506412103987372080
506412103988420640
506412104255807520
506412172706848816
506412207066587184
506412207066587184
506412207066587184
506412172706848816
506412172706848816
506412172706848816
506412207066587184
506412207066587184
506412207066587184
506412207066587184
506412207066587184
506412207066587184
506412172706848800
506412103987372064
506412104255807584
506447426876366944
506447426874261728
506447428484907200
506522469083939008
1085093731800973312
2170187463601946624
4484490115279749120
8968980230559498240
17937960461118996480
17357120354019115779
16204162582758818820
13889250818886469640
13889250784527783960
13871227590058971152
13871227658778447888
13871227658778447888
13871227658778447888
13871227658778447888
9259541640351062032
9259400902862704656
9223398494122807312
26457268031512
26457268031512
4530056895926288
4521260802904080
4530194336987184
4565379245946928
4565379245946928
4530194873333808
6781891069351992
26629201475708
13642981810536446
6786306497331068
13254521720607
12935431939
12401
1587260
9223407462015048732
13871086921423784974
16204198576732374531
18229723537947615681
18446744073709551614
18446744073709551615
18446744073709551615
18446744073709551615
18446744073709551615
18446744073709551615
18446744073709551615
18446744073709534653
18446744073709534653
18446744073701141933
18446744073701141932
18446744073709534653
18446744073709501949
18446744073705221612
18446744073662758317
18446744071381562557
18446743788995788287
18446743788995870207
18446673351413854124
18446655630344974266
18446655767802015678
18442081524485435389
18442082061360544509
18442082069978807037
18441519111770996477
18443929034836410109
18425842034434620669
18428058649876610301
18444200726530351102
18148323268566703067
18441657620947134445
18443080470665360115
18005938836885731833
18150336603744891891
18157321766621672435
17866874302649332723
17287039835481565159
17271284654933012422
16127054703558053516
4556847997194549561
18444465091986847603
18446620721979322319
18437418702738546334
18446388640415005884
18410004414396463224
18407183076048466016
18408313359044931649
18439821548096577537
18442213982588101856
18442222812906385120
18442187490489257932
16131840607034777496
18410503342320979833
18446744073703260031
18446744073705604035
18446743968512459715
18446744073302950851
18446744073298625475
18446743831107060679
18429718701005055983
11936128069896486847
155629403196
39738048003196
44239173746236
8104289360812718288
8681951055371567104
18446744069821875138
18446744073701228866
18446744072766063491
18442178641644717959
17566263570215976895
4910089076580302141
7010461957180
307480660226358332
1736164286158878776
867004759561236600
576522566415431736
288256833421850680
2269461056335928
13528460191862800
68988964864
206697406464
275955867744
275955859456
70713419513856
141289400074240
4295163904
144962976015712256
292186483513884672
289369521939808256
2278222654603264
35287855536128
9893192415280
2261692641196080
9225633728162195568
10090465594896329976
10090324857475042392
11243250488487581704
13554739889343103000
18247525884346964992
16049840045116307997
18446742409392947005
18446744066176516095
18446744069397708543
18446744071427784695
18446744073574807551
18446744073709027327
18446744039349813247
18446744039080325119
18446726412534542335
18446717616441520111
18446726412534542319
18446743866744762311
18446708751090567119
18446708751090046927
18446638106390005639
18437630907403700103
18437630907403702151
18437630907403702151
18437067957316063111
18437630907268958087
18437630907403175815
18437626509289554823
18437613315150218115
18365273142278520970
18148817781398274185
18148322890439754115
18150566185983394255
17863501292694136775
16710588756046103535
17287049508484007919
17289266123384522727
17280276447869503375
16113773430964199327
4557501533498851135
18446603332991565823
18446744073701163007
18446744073566420991
18446735243122049023
18446735243122046967
18446744073709286387
18446739658415799291
18446739658415799291
18445613758508956667
18445613758508956539
18445613758508956667
18445613758508956667
18446739658415799227
18446739658415799259
18446739658415799291
18446739658415799259
18445613620531026907
18446739520439966683
18446739519095692251
18446739519095692251
18446739519095692251
18446739519095692251
18446739520432626651
18446739657876823003
18446739657876823003
18446739658413693915
18446739657876823003
18446739657876823003
18446739657876823003
18446739520437869529
18445613620396809177
18445569536851938267
18443317736768783299
18443317735697138643
18443317735697138643
18443317735697138643
18443300143511094227
17569601815798989763
18446728135115374847
18446744073709551615
18446744073709551615
18446744073709551615
18446744073709551615
18446744073070444543
18446717529096716287
18446717530206109695
18446743918486749183
18446743918486749183
18446743633911611391
18446677106995232767
18411559805112090623
216480886299869436
72084088023204064
16267213615757313732
17901808519201949708
4041980665968199688
1736137656753979416
1736137656753983504
1736137656753983512
1731634057126610952
1729382325765539848
1729382359989487616
1729382359990011904
1729382359990016000
1729382359990538240
103348703232
17695534747648
17695534747648
103348703232
103079745536
103079741440
4565413200926744
2319415863126528024
15815856559757328
8714598288465606704
17940362828464011312
17938111028650326064
17938111063010064432
17938115443741964336
17938111045830195248
17938102169260618096
13898322592836010720
1130362345227396
579870322763504648
1745207497573546008
4062467350463512576
13871095682888105984
34493956096
34494480384
8830588551168
8830587508736
8830587508744
8830588557320
17695669491736
17661175011352
17661175011344
17661175009296
17661175017488
17592458151952
2278188499337224
2260853742910472
8830587772444
8830587505676
8830588553244
2278291576199192
6781891205675064
6781891205675064
6781856711718968
15780259873435696
15815444245527608
6817075643160600
6786310792419352
6786293562218520
6786289267128888
7912189224492056
0
63297101478555888
6781891203832860
6781891203832860
6781891203832860
0
36240455167426752
1156789716129816
1156789716129816
3408589529816088
3956094578593551
852134446957315
14106333427460571523
16422349394214502851
16422344996167909763
16422344996172186051
16421219096265474499
16421219096265475015
16421219234243667943
16421181712870130647
17357967819026977779
18301187162869262055
18301777596280786124
18445048366942948745
18445604857290164505
18443335482520703763
18439962213159741223
17280258508381947727
17280258577172746063
17280258577172746063
17280258577172746063
17280258577172746063
17280258577105637199
17280258577101442895
18433180081708287823
16127354664680376143
16127337072494331727
16127337072565634895
16127337072561440591
16127337072561703759
18419615922488036171
11465917360339617695
4548388471749150479
9169116839315205935
18446743521393635311
18446744073709547471
18374405004694913023
18446739675663040511
18446744073708503039
18446744073707962367
18428659030504243199
18446744039079264127
18446744039079223103
18446735173717270335
18445608308516527903
4592483906033272775
16140839388361253827
18442213982453621217
17868005029762548165
18443353127838147015
18446717556327838711
16140872347839363043
18437677234201544647
13833863727616870343
18445584930418443207
18427570531908961223
18445549763226223559
18427535347000001495
18427535347000002519
18427537546023258071
18427537546023258071
18427537563203127251
18445551944530642903
18445551944530641879
18445481300908819411
18445498910274742227
18445498893094864855
18445498893094864855
18157303735675241431
18155122303599364039
17579787743059232711
17579800663461708743
17579791867368171503
17868022243520407527
17868022243520407523
17863518643893036999
16710522354174510023
16709466290498814915
16421235965878013895
16421209506799095045
16565852529142073095
14187530954654483207
16604277450079994113
17289247772324531204
14987979559880572735
18446744073441116159
18446744073306898431
18446744073306898431
18446744073707978751
18446744073708503039
18446744073709551615
18446744073709551615
18446744073709551615
18446744073709551615
18446744073709551615
18446744073709551615
18446744073709549567
18446744004720584703
18446726412534542319
18442222778412683215
18442222778412683215
18442222778412683215
18442222778412683215
18442187594040592335
18442187628400330703
18442187628534548431
18433180429279807439
16127337282626906051
16131858473836342211
16113844075327374283
11502087688220820427
11502087756940299203
11502087756941347779
11502087482331876243
2287722644727890835
4557536855713056519
4557572141010595599
4557430716059029263
9169073167544557375
13835030632442363903
18444465402969849855
18446743968748142591
18446744073709015039
18446744073706917887
18446744073707966463
18446744073571651583
18446744039212445695
18446735242985205759
18446735174131509247
18444483443038879743
18444483443038879743
18446717685160472575
18439962285585201143
18439971013092951023
18442214016811516903
18439962216329373639
18442187489352339343
18442187489344982927
18446691073268881359
18433180359078174623
18437630887666327463
4557430786260696959
4557430853637996415
18444473716403306495
18155988254640308223
18446744043764318207
18446729793480163327
18446744073709012767
18446744073709551615
18410573987291594751
271315420416311295
14404754560511375359
17289310138888355839
18444483443308888063
17868022691005464575
17868022691005464575
17868022691004940287
18446735277481785096
17868022686845241352
17863460851755778056
14051512312372658176
11745387828182253568
134217728
0
268435456
17592186044416
72057594050510848
0
0
0
18432
4489216
1105970921729
3311470248706
6627235332871
1704269967525382
3956068673914374
584920420738926087
868647197263267335
868638401170245126
866386584176690702
866387133933030926
578191426757332494
577593292666440718
577602088759462926
579853888539593742
1741780384788024844
1168710595064106508
15894781013527580
1152983594667871260
8968834915356
8796235111452
17661177108508
17661177108508
17661175027740
17798613964824
17661175011352
4521260802381880
4521260802381848
4530117024946204
6781921133596984
4521325798498352
9043072553893984
70647107584192
140740156981248
554034003968
4273733632
2305843011243606016
10380946709046833152
10437312366457582596
15623084312867143584
15587055515843985280
15587046478093189120
17348077766649348480
6949125421644431553
6944797882283319777
13853178487438926305
18418406250324449
106800290570272
9042600034181682
13537403825426962
4535697278013466
6781861020899608
6781903974766873
6781904513735065
6781835794258329
6781827187478680
6781848253894808
2260660735457432
2265058784082056
579851710994339848
1732773215332751416
579851710994339880
579851711061448744
579851706766481448
579851706765432888
579851706766481464
583246990016018488
1159703412992407672
1168710595066736880
3474595386129182960
8102045206925308080
6952556585656836192
16853562590285119680
14105768545824653761
9476560434141168001
217018310867353985
217018310867354370
217020518497387008
144680345676283904
433475879361314816
289356310418292736
290482175965396992
576460752303423488
0
0
0
0
0
0
0
0
0
404226048
406591488
1008211992
607921152
34361311232
67115008
6180
525378
24
4
134223896
402659352
6168
1579032
103080794136
103080794136
1579032
1579032
1579032
1579032
404232216
17592590276632
26423043037208
26422774601752
26422774602776
8830856993816
8830856993816
13228903767064
13228903767066
13228903504924
13228903504924
26423043045436
4530091928860728
13546191030644976
61036917755017464
6781788132792408
6781788124354584
2611028010295114812
2610975233736981564
7957374997364637310
17280293971473465343
16703833356608995327
15550876632800559103
14406953118031675391
14974406671080356863
14395624026170981375
7451037785344671615
8897832428664487807
4411622427046395711
2098427962299752351
2097583545959571359
940422255527055247
940987404495343503
940987404495327119
940987404495327119
940986304983699343
940986304983699343
940987404495327119
868929810457366415
868927611434110863
868929810457399183
868648335480688527
868646132170854287
1012760222882566031
1012761320246726543
1085100389252976527
1084818918575427471
2168499777930495943
3473435362148737923
4636560403256962553
7008537044139851261
14106267223964139132
14088261903873613372
14091639584853986876
10348882781266118158
13739988915648170626
18374228470550265984
8822816604284842369
4740250680289979517
72092840955215743
10308470231381511950
13704241730977728898
18446735900166586369
16205324684625496312
9007769931480063
508639632654536479
3397753846368502531
18446665668819550208
17358250587276761328
10412463904847099638
9007263947422719
2057250899042303
1085102858825568015
1085102859899309839
1085102859899309839
506381343530616583
217020728833409795
217020656500540163
217020519856407299
72340242367054081
72340241563844865
217020656496345859
217020656630563587
217055703431578371
524501981814261511
2242545340733398815
9187201847088086911
18446717582215018736
18374686479384375536
17940367278528848096
18443353161927476195
18443353127635108803
18444479027544049603
18444483425590568903
18439962251493894119
16709454025149900775
0
0
0
0
0
0
0
0
0
0
0
0
