0
0
0
0
0
0
0
0
0
0
0
0
0
0
0
0
0
0
0
0
0
0
0
0
0
0
0
0
0
0
0
0
0
0
0
0
0
0
0
0
0
0
0
0
0
551911686144
36170086419005440
2155872256
8421504
9259401385781231744
13871228142779138176
13889313184910721152
16204198578288115904
16204198715727069376
16204198715727069312
16204198715185987712
13898355704898551936
13898320383087509504
13898320383087509504
13889314008466489344
13889312913249828864
13961370777870696448
13961653356670779392
13961653356670844928
14106331494700122112
14106333702346866944
14088253333139718400
14088319303837516033
14088248660215398657
9476562641788010753
9476562641788011265
9765918935026434819
9765923333140054851
9765923333140054851
9783937731641148227
9784008100393714499
9765993701884233475
9765993701884495619
9765993701884495747
9784008375271917443
9784008375271655299
14395703189792064387
14395703190865814435
14395694394772792227
14395694394772784003
14395694394709885827
14395694394709885891
14404701593964626883
14404736778336715713
14404736915775669185
14404736915775669185
14116506539623957441
14115380639717114817
14403611016405705665
16710579908346364865
16710579908346364865
16710579908348462017
16710579908348462017
16422349532196750785
16421223632289916353
16421219234243405281
16421219234243405793
16421236895148925921
16425740494776296417
16425740494776296417
16421236895148925921
16421236826429449185
16421241224475960259
16422367141562672067
16422367141562663875
16422367141562663875
16422367141562663875
16710579925528331203
16710579925528331203
16710579925526234051
16710579925526234055
16710579925593342919
16710579925593342919
16710579925593342919
16710579925593342919
16710579925593605063
16710579925593605063
16710579925056735175
16710579925056735175
16710579925056735175
16710588721149757383
16712840555323180999
14406997546109487047
14406997546109487047
14404745746295801799
14404745746295801799
14404745746295801799
14404745746832672711
16712840521500313543
16712840521500313543
16710588721686628295
16710588721686628295
16710588721688725447
16710588721689774023
16710579925596760007
17863501430472041447
17863501430472041447
17863501430203605987
17863501430202299363
17863501430202299363
17863501430202295267
17863501430202295267
17863501430202295267
17863519022388339683
17863519022388339683
17863519022388339683
17863519091107816419
17863519091107816419
17863519091107816419
18439979843411239907
18439979843411239907
18439979843411239907
18439979843411239907
18439979843411239907
18439979774691763171
17287058270084916195
16715101117408863203
16710597517781754851
16710597517916496867
17287058270219921379
17287040678033876967
17287040678033876967
17287040677899659239
17287040677899126759
17287040677899128807
17287040677897031655
17287040677897029575
17287040677897029575
17287040677897029575
17287040677897029575
17287049473990051783
17287049473990051783
16710588756046366695
16710588756046366695
16710588756046366695
18439971012956637159
18439971012956637159
18439971012956637159
18439971012956637159
18439971012956637127
18439970978596898759
17865762026107160519
17863510226293475271
16710588721688725447
16710588721958209479
17863510226565064647
17863501430472042439
17863501430472042471
17863501430202557415
17863501430202557415
17863501430202561507
17863501430202299363
17863501430202557411
17863501430202557411
17863501430202557411
17863501430202557411
17863501430202549219
16710579925593605059
16710579925593605059
14404736915843041219
14404736916379912131
14395729717125171075
14395694532753082279
15548616036823050151
14395694394777249703
14395694532216203143
14395694394773049223
14377679996398309255
9768184205003427655
9768184239497383695
10344644991796612879
10344644715844964111
10344644715844964111
10344644715844964107
11497566220720246531
11497566220720246659
13803409229933939587
18415095248362376067
16109252239148682115
16109252239148698503
16113755838776068999
16113755838776066951
16113755838776066951
16113755838775804807
16113755838779999111
16113755838775788423
16109252239152612231
18433109646874739591
18433109646874755975
18433109646874756999
18433109646874756999
18433109646874756999
18433109646874757015
18433109646874757015
18433109646874757015
18433109646874756999
18433109646874757063
18433180015618934727
18433180015618934727
18433180015618934727
18433180015618934727
18433180015618934727
18433180015618934727
18433109646875805639
18433109646875805639
18433109646875805639
18433109646875805639
18433109646875805639
18433109646875805639
18433109646875805575
18433109646875805575
18433109646875805575
18433109646875805575
18433109646875805575
18433109646875805575
18433109646875805575
18415095248366323591
18415095248366323591
16109252239147911047
16109252239147911047
16109252239148156807
16109252239148156807
16109252239148156807
16109252239148156807
16109252239013939079
16109252239013939079
16109252239013939079
16109252239013939079
16109252239013939079
16109252239013939079
11497566220586551175
11497566220586551047
11497566220586551047
11497566220586551047
11497566220586551047
11497566220586551047
11497566220578162439
11497566220578162439
11497566220578162567
11497566220578162567
11497566220578162567
11497566220578162567
11497566220578162567
11497566220578162567
11497566220578162567
11497566220578162567
11497566220578162567
11497566220578162567
11497566220578162567
11497566220578162567
11497566220578162439
11497566220578162439
11497566220578162439
11497566220578162439
11497566220578162439
11497566220578162439
11497566220578162439
11497566220586551047
11497566220586551047
11497566220586551175
11497566220586551175
11497566220586551175
11497566220586551175
11497566220586551175
11497566220586551175
11497566220586551175
11497566220586551175
16109243442920916871
16109243442652481415
16109243442652481415
16109243442652481287
14956330734138656519
14956321938045634311
14956321938045634439
14956321938044585863
14956321938044585863
14956321938044585863
14956321938178541447
14956321938178541447
14956321938178541447
14956321938178540423
14956321938179081095
14956321938179081095
14956321938179081095
14377609386061974407
14377609386062220163
14377609352776223619
14395623751286754187
14395623750213013385
14395623750213013387
14107393374061305743
14107463742805483295
14395694118957195039
14395694118957195039
16125076375866416927
16125006007122239263
18430849016335933215
18412843448279211807
18415095248092872479
18415095248092868383
18419598295809601343
18419475150775729967
18392453621730983743
13780767603303587647
9169081585415175999
9169081722854129471
18392488945154735935
9169116907230412607
9169117183182061375
9187201950435712783
18410573987284190977
18410573987114723079
18408871889664680751
17827326781383196479
17289111449593397055
16131849643306190719
18446744004718479111
18446744073703251919
18446744073709551551
18446744073709551615
18446744073709551615
18446744073709551615
17870283321406128127
17870283321406128127
17868031521592442879
17863527921965072383
17863527921965072383
18439979878175473663
18439962285989429247
18439962285989429247
18442213982723899391
18446717582351269887
18446717582351269887
18446726378175856639
18446726378041638911
18446743970227683327
18446744004587421695
18446744004586373119
18446744004586373119
18446744073305849855
18446744073305325567
18446744073439543295
18446744073439539199
18446744073439539199
18446744073439539199
18446744073439539199
18446744073439539199
18446744073439539199
18446744073439539199
18446744073439539199
18446744073439539199
18446744073439539199
18446744073305321471
18446744073305325567
18446744004585848831
18446743970226110463
18446744004586373119
18446744004586373119
18446743970227683327
18446743970227683327
18446726378041638911
18446726378175856639
18446717582082834431
18446717581948616703
18446717581948616703
18446717581948616703
18446717582082834431
18446717582082834431
18446717444643880959
18446717582082834431
18446717581948616703
18446717581948616703
18446717444509663231
18446717444509663231
18446717444509663231
18446726240602685439
18446726240065814527
18446726240065814527
18446726240065814527
18446726240065814527
18446743832250810367
18446743832250810367
18446743832250810367
18446743866610548735
18446743866610548735
18446743866608451583
18446743866608451583
18446743866610548735
18446743866610548735
18446743866610548735
18446743866610548735
18446743832250810367
18446743866610548735
18446744004049502207
18446744004049502207
4611685914407600127
36028692999176191
8865808527654911
508695304429633535
17940317917531865088
17940317917531865088
17940317917531865088
17940317917531865088
17940317917531865088
17940317917531865088
17940317917531865088
17940317917531865088
17940317917531865088
17940317917531865088
17940317917531865088
17940317917531865088
17940317917531865088
17940317917531865088
18228451691346788352
18445756978790924288
18446390267306180608
18446742669574078464
6917529025627815936
5742089524612694016
364773977629261824
290209497081676800
567347999930112
566420286996354
282589520722752
282589520723776
282589520723810
72342382581907299
72904252283944935
72905351862681591
218150837086584831
506381244628467711
2238024097999028223
2237760283927773183
9087171405111295998
18175469813961128703
18192355406984314111
17901938772151955711
17937965086680344825
17938106099046605048
17938084692795379944
17938093400840524000
17938084606894985424
17938084606894981328
17938084606894989520
17938084606894989440
17938084469590253696
17938084469590253728
17938084469054431456
17938084468785996000
17938084468785996000
17940336406038634720
18228566782190350560
18228584374644830432
18228584374644830432
18228584374644830432
17940353964133380320
17940353964133380320
17940353964670251232
17940353964670247136
18228584409541435616
18228584409541435616
18228584409407217888
18228584409407217888
17075662904800370912
17075671700893393120
17040768803781271776
16464308051477848288
17040773201827782880
18192568806527787232
8968070904125874400
8427638948841414880
6986348529617756384
6968331932085051616
6986346330594533472
2374589943422939376
2338561146404008176
33844002737418480
33844002468983024
33844002456400112
15829054325321968
13572856330907872
13572854187618528
15789469897650419
15789195019739391
6781994691223803
6781994154390512
6781994153345012
4530194339659296
4530194884915200
26595258659840
26595258982400
17798898032640
2269598711586816
2269598711054336
17661726556160
17661724459008
17662797152256
17662830706688
17662851678208
17662985895936
17662985895936
17662985895936
17662784569344
17662784569344
17662784569344
17662516133888
17662516133888
17660905521152
17660905521152
17660905521152
17660905521152
17660905521152
17798344474624
17798344474624
17798344474624
17798344474624
17798344474624
17798344474624
17798344474624
17798344474624
17815524343808
17815524343808
17815524343808
17815524343808
17815524343808
17815524343808
17815524343808
17815524343808
17815524343808
17815524343808
17849884082176
17849884082176
17849884082176
17849884082176
17849884082176
17849884082176
17849884082176
17849884082176
17832704212992
17832704212992
17832704212992
17832704212992
17849884082176
17849884082176
17849884082176
17849884082176
17849884082176
17849884082176
17815524343808
17815524343808
17815524343808
17815524343808
17815524343808
17798344474624
17798344474624
206158430208
17798344474624
17798344474624
68719476736
68719476736
68719476736
68719476736
68987912192
68987912192
68987912192
68987912192
69524783104
69524783104
68987912192
68987912192
68987912192
68987912192
68987912192
68719476736
68719476736
68719476736
17660905521152
17660905521152
17660905521152
17798344474624
17798344474624
17798344474624
17798344474624
17815524343808
17815524343808
17815524343808
17815524343808
17798344474624
17832704212992
17832704212992
17832704212992
17832704212992
17832704212992
17832704212992
17832704212992
17832704212992
18107582119936
18107582119936
515396075520
35699768164352
4504046303969280
13511795314524160
9043380059242496
9043345699504128
9043345699504128
9043208260550656
9043347846987776
9043072969080832
9043072969080832
9113579152211968
36011690164224
36012763906048
36012763906048
35600715481088
35325837639937
35325569138945
35323421655811
35323421655811
35323421655811
35323421722375
35323421722375
35323421722375
35323421722375
35323421722375
35323421722375
35323421722375
35323421722375
35323421722375
35323421722375
35323421722375
35323421722375
35323421722375
35323421722375
35322347980551
35322347980551
35322347980551
35322347980551
35322347980551
35322347980551
35322347980551
35322347980551
35322347980551
35322347980551
35322347980551
35322347980551
35322347980551
35322347980551
35322347980551
35322347980551
35322347980551
35322347980551
35322347980551
35322347980551
35322347980551
35322347980551
35322347980551
35322347980551
35322347980551
35322347980551
35322347982599
35322347982607
35322347982607
35322347982607
35322347982607
137975893775
137975893775
137975893775
137976418063
137976418063
137976418063
137976418063
137976418063
137976418063
137976418063
137976418063
137976418063
137976418063
137976418063
137976418063
137976418063
137976418063
137975893775
137975893775
35322347982607
52914534027023
52777095073551
52777095073551
52914534024975
52914534024975
52914534024975
17730161936143
17730161936143
137975891727
137439151887
137439153935
137439153935
137439153935
137439153935
137439153935
137976024847
35322347980559
137975891215
35322347979023
35322347913487
35598299562255
35598299627783
9042797554368771
9042797554303233
9042797554302977
9042799712272385
9043349472280576
9043349472280576
9113580777504768
27127979286986752
27092794378059776
4674807609824411648
4674807609824436416
4674947797554872512
4674948347310686400
13898320520526479552
13898320520526479552
13871298991481716928
13871298991750152384
13871228586221895680
13835199723167809536
13835199723302551552
13835199688942813184
13835199824234283008
13835199824234283008
4611827787379507200
4611827821739245568
141804385599488
141806533083136
141806398341120
1069044203520
1066896719872
792018812928
794166296576
794032078848
794032078848
793629425664
793630474240
18385816518656
18660693377024
18660693377024
18591839682560
18591839682560
27387932704768
27353573490688
27353572968448
62537945057280
273503517411328
70052084828866568
4105171797836564480
17924326516934576128
2048
526336
524288
67633152
201326592
201326592
34426847232
34426847232
34359738368
0
0
8796093022208
34359738368
34359738368
34359738368
8796093022208
8796093022208
8796093022208
8796093022209
8796109999903
293634553413631
1089651207498104831
9223372036854775807
18446744073709551615
18446744073709551615
18442240474082181119
18442240474082181119
18446744073709551615
18446744073709551615
14987979559889010687
14983475960261640191
17289318969475334143
18446744073709551615
18446744073709551615
16131893865241116671
16140901064495857663
16140901064495857663
17293822569102704639
17293822569102704639
17293822569102704639
16131893865241116671
16131893865241116671
16113879466731634687
14978901991890092031
18446620516090380287
18446743796945256447
18446744073703235567
18446744072096833487
18446743867012145151
18446708682640056319
18446726412265062399
18446717616174137343
18446735036561489919
18446735036561489919
18446743833191383039
18446743833124274175
18446743970563227647
18446743953383358463
18446743970562965503
18446735174470205439
18446744039282704383
18446744022102573055
18446744022102573055
18446735260369289215
18446735260369289215
18446735260369288191
18446744056462309887
18446739658415799807
18446739658416061949
18446739658449616381
18446744056496127485
18446744056495996413
18446741848882806269
18446741866062675453
18446741866062675453
18446741866062675453
18446741866062675453
18446741866062675453
18446741866062675453
18446741866062675453
18446741866062675453
18446741866062675453
18446741866062675453
18446178916109254141
18446178898929384957
18446178898929384957
18446178898929384953
18446178898929383929
18446178898929121785
18445050799931914745
18445050799931914745
18445050799932045817
18445050799932045817
18445613758475401721
18445613758475402233
18445613758475402233
18445613758475402233
18445613758475402233
18445613758508956667
18445613758508956667
18445613758508956667
18445613724149218291
18445604928056194035
18445604927921452019
18445604927921452019
18445604927921452019
18443357526154540019
18443357543334409203
18444483443241252851
18444483443241252855
18444483443241252855
18444483443241252855
18444483374588884983
18444465782134405111
18444465782402840551
18439962182775465959
18439962182775465959
18439962182775465959
18439962182774417383
18439970978599004135
18439970978599004135
18442222812772427751
18442222812772427751
18442222812772427751
18442222812907169767
18442222812907171815
18442222812907171823
18442222812907171823
18442222675468218351
18442222675468218351
18442222675468218351
18442222675468218351
18442222812907171823
18442222812907171823
18442222812907171823
18442222812907171823
18442222812907171823
18442222812907171823
18442213982454411247
18442222778547433455
18442222675468218319
18442222641108479951
18442222623928602575
18442222623928602575
18433215424673861583
18442222623926505423
18442222623389634511
18442222623389634511
18442222623389634511
18433215424134893519
18433215424134893519
18433215424134893519
18433215424134893519
18433215424134893519
18433215424134893519
18433215424134369231
18433215424136990671
18442222614799699919
17289301110192852943
17289265925820764111
17289265925820764111
17280258735088848847
18433180239695695855
18433180291302412239
18433180291302412239
18433180291168194511
18433180291168194511
18433180291168194511
18433180291168194511
17280258786695040975
17280258786695040911
18433180291302412239
18433180291302412239
18433180291302412239
18433180291302412239
18433180291302412239
18433180291302412239
18433180291302412239
18433180291302412239
18433180291302412239
18433180291302412239
18433180291302412239
18433180291302412231
18433180291302412231
18433180291302410191
18433180291302410183
18433180291302393799
18433180291302393799
18433180291301869511
18433180291301869519
18433180291301885903
18433180291301886927
18433180291301887951
18433180291301625807
18433180291167408079
18433180291167932367
18433180291100823503
18433180359820300239
18433180359820300239
18433180359820300239
18433180359820562383
18433180359887671247
18433180308348063695
18437683908109651919
18437683925289521103
18437683856570044367
18433180256942673871
18437697050709561295
18437622283914678159
18436496384007835535
18419607644887027599
16109261034972221327
16109261034972221327
18415104044185915279
18412852244372230031
18417355843999600527
18417355809639862159
18417355878359338895
18419607678038806415
18419616474131828487
18419616474391318287
11502069337021155087
11501928599667019535
11461413795207253775
2238041758889348879
2238041758889346831
2238041758889346831
2242527765659588359
2242527765793806087
2242527748547090183
2242527748547352327
2242527765794330375
2242527765793806087
2242527731299849991
2242527765659584263
2242527765659584263
2242527765659584263
2238024166032738055
2238024166099846919
2238024166099584775
2238024166099584775
11465899802580682503
11465899802580682503
11465899802583828231
2242527765729052423
2242527765729314567
2242527731235358471
2242527765661681423
2242527766196455183
2242527765659588367
2242527731232737039
2242527765726955279
2242527765726959375
2242527749086058255
4548388367665673991
4557395704359368455
4557395687178974991
4557395705302841103
9169081723797337871
9169099521873372975
9169188103433742191
4557466900634265423
9187308055059490767
9223371967731066831
18446726412399798223
18444492273491371975
18446735242852296647
18446739641100134375
18446739675459871719
18445613740991965127
18444492204771895239
18442222812772427719
18437701482981091279
18428659099354779599
18446673497998479311
18446708682235834319
18442222778412689351
18444483477331240903
18446735243053623239
18446744039146645447
18446744039146645447
18446739641100134343
18446739675459871687
18446739640898806727
18446739640898807695
18446739572179584911
18446743970226095887
18446744073303215887
18446744038406606607
18446744038943475471
18446744073303213839
18446744056393877263
9223372019262236431
9187343238747850511
4557502082709915407
4557502082978350863
4548423689137751839
2242580680192493343
2242545357844317983
2242545907600133919
2242669055049961375
2238165455154155423
10344644715768680335
10344715359390650319
10344715360464619471
11497628068978182095
18415157096619296751
18415157096619296751
18433171495028123623
18430919832655554535
18430954981057292263
18430955015417030631
18430954981057292263
18430954981055195111
18430954983202678759
18439962182457288679
18439962182457288679
18439962182440511463
18439962182474065895
18439962182482454503
18439962182482454503
18439962182482454503
18439962182482720743
18439962182482720743
18439962182482720743
18439962181408978919
18439962181408978919
18439962181408978919
18439962181408978919
18439962181408978919
18439962181408978919
18439962181408978919
18439962181408978919
18439962182482458599
18439962182482524135
18439962181408782311
18439962181400389607
18439962181366835175
18439962181366835175
18439962181366769639
18439962181383546855
18439962181383546855
18439962181383546855
18439962182457419751
18439962182457419751
18439962182457419751
18439962182457288679
18439962182457419751
18439962182457419751
18439962180309936103
18439962180312033255
18439962180320421863
18439962180320421863
18439962180324616167
18439962180324616167
18430954981069875175
18430954981069875175
18430954981069875175
18430954981065680871
18430954981057161191
18430954981057161191
18430919796685072359
18430919796682975207
18430919796683171815
18430919796683171815
18430919798830655463
18430919798830655463
18430919798830655463
18430919798830655463
18430919798830621671
18430954983208985575
18430954983141876711
18430954983141876711
18430954983175431143
17260019062877004775
12648297877257397223
10360469163541080039
10342454730667665383
10342454764633155559
10342454764633286631
10342463560730503151
10362729759053670383
10344715360544188399
11497566495601553263
11497566564316827471
11497566288365178703
11497566288365178703
11497566288366227279
11497566288366227295
11502069887993597919
11502069887985209311
2242669055722065871
4548370777691590607
4548370777632870287
4548370777632870287
4548388367671431055
4548388367537213327
4548388367537475471
4548388367537475487
4548388367537475487
4548388367537475487
4548388367537475487
4548388367537475359
4548388367537475359
4548388367537475359
4548388367537475359
4548388367537475359
4548388504976428831
4548388504976428959
4548388504976428959
4548388504976428959
4548388504976428959
4548388504975380383
4548423672159215519
4548423672159748031
2251588128488767295
4557431103074287423
4575516420217978687
9187202377979756415
9223355832467160959
18444460693537423359
18438795804009560063
16412110036429435895
14053209133692220407
508695101904519155
1082904604150071283
522276819286622195
540431955284459507
9223372036854775795
18446744073709551603
18446744073709544435
18446744073709544439
18446744073709544439
18446744073707714559
18446744073305323519
18446744073305325567
18446743970227159039
18446743970227683327
18446717582217052159
18446717582217052159
18446717582351269887
18439962251629690879
18430955052374949887
18430955086734688255
18430955086734688255
17854511926617309183
16701590422010462207
16701590422010462207
16701590422010462207
16701590422010462207
16710597621265203199
16710597621265203199
16710597621265203199
17863501533686005759
17854494334431264767
18439962285989429247
18444465782537584639
18446717444912316415
18446735174403096575
18446743969690812415
18446744038945587199
18446744073305323519
18446744073573746687
1587224
1587224
1587256
1849400
1849400
1849400
1849400
1847352
1849400
136067096
1063000
1063000
68171864
17248041048
17246992472
17448319064
17448319032
268449848
4398314960952
4398046525496
565148976683064
565148977862680
562949954605064
562949954606088
562949957751816
562949957751816
281474981041160
281474981041160
144396663052704872
150632
562949953463400
562949953421352
562949953421544
562949953421312
0
0
4398046511232
4398046511232
0
34359738368
34359738368
34359738368
0
0
68853694464
134217728
0
0
0
34359738368
268435456
68987912192
69122129920
68853694464
68719476736
68719476736
103079215104
34359738368
34628173824
34628173824
34493956096
34493956096
103213432832
68853694464
17661039738880
403177472
268435456
8796361457664
68988960768
103347650560
103481868288
103616086016
103079215104
103213432832
103213432832
103213957120
34762391552
34495004672
8830586978304
34762391552
104018739200
51942260736
69122129920
69122129920
17661308174336
103482392576
2251903161335808
8865080934400
103348699136
103481868288
120661737472
103347650560
240652386304
35287585521664
103213959168
4521295295283200
103482920960
2251903295553536
26491765129216
26492836249600
33501149134848
6852277127612416
6887461535619072
6808279551973400
6808279485004312
2278291441990712
6782028642523192
2278291576199192
2260630670678044
8830856992792
8830856468504
8830588557336
8830588557336
8830588557336
8830588557336
8830588557336
8830588033048
8830588033048
8830588033048
8830588033048
8830856468504
8830856468504
8830856468504
8830856468504
8830856468504
8830856468504
8830856468504
8899575945240
8899643054104
26491829098520
8899643578392
8865283840024
26457469884440
26457468835864
17661308704792
17661308704792
17661308704792
17661308704792
17661308966936
17661308704792
17661308704792
17661040269336
17661107378200
17661107378200
17592320792600
17609500661784
17643860400152
17643860400152
17643860400152
17643860400152
17695400007704
17695400007704
17695400007704
22093446518808
22093446518808
22093446518808
22093446518808
22093446518808
22093446518808
22093446518808
1147993353361432
1147993353361432
1147993353361432
1147993353361432
1147993353361432
22093446518808
22093446518808
22093446518808
22093446518808
22093446518808
26491493029912
26457401727000
2278257215412248
2278257216460824
6781891203569688
6781856843831320
6781891203569688
6781891203569720
6781891203569720
6781891740448824
6781891740448824
6781891740446776
6781891742543928
6781891742543928
6781891742543928
6781856845410360
6782269564923960
6852639382843448
6887823754948664
22650422450745392
4643334569166139504
4625249801912475760
13563783485087856
13563782411346032
13563713690820720
13563714764562544
13564264520376432
13564264520376432
13564266399424624
13705003887779952
13705003887779952
13705003887779952
13705001740296304
13775372631957616
49804169650921584
67818568160403568
2373661577374101616
49804167503442032
13563782546350192
26629660782704
26629739966688
61813440929888
53808161906912
106516812185792
211934095900800
141289391652864
0
0
16777216
50331648
100663296
234881024
201326592
201326592
201326592
469762048
469762048
402653184
402653184
939524096
939524096
268435456
536870912
0
0
0
0
0
0
0
0
0
2155905152
1614856384
551779623072
550776131792
550811232360
827317337252
828380567124
141153826122282
71334437967632
70578786379013
35529509538568
36170326726865602
9259541606519112832
13871298888829893089
13889348093381690304
13889348283639198448
16204198457713148096
13898355036114776288
6980826077630953968
6949177853116148192
6949177586819227744
2337491568307495024
31648490407884912
13634092175784048
13634091102304376
13563722358126712
13563722291017848
13563722291017848
13563722291017848
13563722291017848
13563722291017848
13563722291017848
13563722291017848
13563722291017848
13563722358126704
13563722358126704
13563722358126704
13563722358126704
13563722358126704
13563722358126704
15815625251027056
15815625251027040
15815625250994288
15815625250994224
15824421343754288
13572621496514608
13572587153553456
13572587153029168
13572587220203568
2319485965178073136
2319485965178073136
2319477169085182000
2319406800341004336
2319406731621462064
2319406731621330992
2319406731621593136
2319406731621593136
2319406731621593136
2319406731613204528
2319415527706226736
2319415390267273264
2319415458986750000
2319415458986750000
3472336963593596976
3472336963593580592
3472336963593646128
3472336894870499376
1166493956464914480
1166485151781951536
1168745746619250736
1159703362950475832
6781859421564984
6782416280424472
6782134439974936
6782082430343196
6781943347288092
583242713367710492
583225051319897116
583242712228567064
583242575324387544
6782183798216728
6781893887924248
6781900330375192
15789100658858008
15788997646751768
15788991237855256
15788991237855256
6781929422067736
6781928348325912
6781928331548696
6781929405290520
6781998124767256
6781997051025432
6781859108755484
6781860165720088
6781860165720088
6781860166048792
6781791446309912
6781790313846808
6781790313846808
6781790305458200
6781790305721880
6781790305721368
6781790305459224
6781789240106008
6781789233814552
6781789231717400
6781789231651864
6781789231651864
6781789231651864
6781789231651864
6781789231651864
6781788124355608
6781788124355608
6781790271839256
6781790271839256
6781790273936408
6781790290713624
6781790290975768
6781790358084664
6781790355987512
6781790364384280
6781790892866584
6781791949831192
6781791949569048
6781791949569048
6781791983402008
6781791983385624
6781791983385624
6781791985482776
6781791985482776
6781789837999128
6781789846387736
6781789846387736
6781789837999128
6781789837999128
6781789835901976
6781789835639832
6781789839834136
6781789856611352
6781789856611352
6781791999900696
15788990180899864
15788990147345432
15788990147345432
15789127586298904
15789127586298904
15789127586298904
15789127597046808
15789127597046808
15824311969135640
1745206431440518168
1745206431440518168
1745206431440518168
1736199232185777176
1736199232185777176
1736199232177388568
1736199232177323032
1736199232177323034
1736199232177323098
1745206431432064090
1745206431440452698
1745206431440452698
1745206431440452698
1745206431440518234
1745206431440518234
1745206431440518234
1745206431440518234
1745206431440518234
1745206431440518234
1745206431440518234
1745206431440518234
1745206568879471706
1745206568879471640
1745206568879488536
1745206568879488536
1745207187354779160
1745207191641292312
1745207475109134104
1745207120755211610
1745207120755211354
16701536952954373029
16701536884234896293
16701536884234896293
16701536884234896293
16701536884234634149
16701536952954110885
16701536952954372901
16701536952954372901
16701536952954372900
16701536935774503716
16701536935774503716
16701536901414765348
16701536901397988132
16701536832678511396
16701536832678511396
16701396095190156068
16701396095190156068
16701394720800359204
16701394712210424612
16701535999471371044
14395692994550547236
14404700193805288228
14404700193771733796
14116506100429996836
9504679344514253604
9504677690951844644
9504686505298477860
9792934611645612965
9774850119672513445
9765807590083904421
9774928588792120229
9774928593087088549
9486698216935376805
9765920839781566372
9774788117591746340
9774788117591744804
9774781520521969920
9779285120149324032
9779285120149192960
533395634909184256
5126222834191925504
7432207680405602560
8584003285105606912
7422356056220729600
7440933404683632896
7440933404683632642
2865134346275192834
72058152375287874
4278190146
4278190080
4278190080
4278190080
4278190080
4278190080
4278190080
4278190080
4278190081
4278190080
2264924160
50331648
551920074752
0
2147483648
551903297536
278099132416
2147483648
2147483648
277025390592
552977039360
690424381440
552985427968
690424414336
965302321280
18015363815997568
827867562144
9223372312810668256
327495467104
36029330672861408
36029330672861280
36029330672865376
4611686277736091744
258237067360
9259401092110774384
9259401092110770288
9259401092110758008
54043453765464120
54043453782237232
54043458077270064
54043458077274160
18014661058834480
18014661056737328
2323857665438595120
2323857665421817904
2323857665421752376
2323857665421750328
2323857527984894008
2305843129476462648
2305843129744898104
3458764634351736888
1152921625138042936
1152921625138042936
1152921625138042936
1152921625138042936
1152921625138042936
86171457592
206430550072
206430550072
68991594552
1152921573598435384
1152921573596338232
1152925971642322968
1441151949747523592
1441169541665658880
1297063149951260672
