0
0
0
0
0
0
0
0
0
0
0
0
0
0
0
0
0
0
0
0
0
0
0
0
0
0
0
0
0
0
0
0
0
0
0
0
0
0
0
0
0
0
0
0
0
551911686144
36170086419005440
2155872256
8421504
9259401385781231744
13871228142779138176
13889313184910721152
16204198578288115904
16204198715727069376
16204198715727069312
16204198715185987712
13898355704898551936
13898320383087509504
13898320383087509504
13889314008466489344
13889312913249828864
13961370777870696448
13961653356670779392
13961653356670844928
14106331494700122112
14106333702346866944
14088253333139718400
14088319303837516033
14088248660215398657
9476562641788010753
9476562641788011265
9765918935026434819
9765923333140054851
9765923333140054851
9783937731641148227
9784008100393714499
9765993701884233475
9765993701884495619
9765993701884495747
9784008375271917443
9784008375271655299
14395703189792064387
14395703190865814435
14395694394772792227
14395694394772784003
14395694394709885827
14395694394709885891
14404701593964626883
14404736778336715713
14404736915775669185
14404736915775669185
14116506539623957441
14115380639717114817
14403611016405705665
16710579908346364865
16710579908346364865
16710579908348462017
16710579908348462017
16422349532196750785
16421223632289916353
16421219234243405281
16421219234243405793
16421236895148925921
16425740494776296417
16425740494776296417
16421236895148925921
16421236826429449185
16421241224475960259
16422367141562672067
16422367141562663875
16422367141562663875
16422367141562663875
16710579925528331203
16710579925528331203
16710579925526234051
16710579925526234055
16710579925593342919
16710579925593342919
16710579925593342919
16710579925593342919
16710579925593605063
16710579925593605063
16710579925056735175
16710579925056735175
16710579925056735175
16710588721149757383
16712840555323180999
14406997546109487047
14406997546109487047
14404745746295801799
14404745746295801799
14404745746295801799
14404745746832672711
16712840521500313543
16712840521500313543
16710588721686628295
16710588721686628295
16710588721688725447
16710588721689774023
16710579925596760007
17863501430472041447
17863501430472041447
17863501430203605987
17863501430202299363
17863501430202299363
17863501430202295267
17863501430202295267
17863501430202295267
17863519022388339683
17863519022388339683
17863519022388339683
17863519091107816419
17863519091107816419
17863519091107816419
18439979843411239907
18439979843411239907
18439979843411239907
18439979843411239907
18439979843411239907
18439979774691763171
17287058270084916195
16715101117408863203
16710597517781754851
16710597517916496867
17287058270219921379
17287040678033876967
17287040678033876967
17287040677899659239
17287040677899126759
17287040677899128807
17287040677897031655
17287040677897029575
17287040677897029575
17287040677897029575
17287040677897029575
17287049473990051783
17287049473990051783
16710588756046366695
16710588756046366695
16710588756046366695
18439971012956637159
18439971012956637159
18439971012956637159
18439971012956637159
18439971012956637127
18439970978596898759
17865762026107160519
17863510226293475271
16710588721688725447
16710588721958209479
17863510226565064647
17863501430472042439
17863501430472042471
17863501430202557415
17863501430202557415
17863501430202561507
17863501430202299363
17863501430202557411
17863501430202557411
17863501430202557411
17863501430202557411
17863501430202549219
16710579925593605059
16710579925593605059
14404736915843041219
14404736916379912131
14395729717125171075
14395694532753082279
15548616036823050151
14395694394777249703
14395694532216203143
14395694394773049223
14377679996398309255
9768184205003427655
9768184239497383695
10344644991796612879
10344644715844964111
10344644715844964111
10344644715844964107
11497566220720246531
11497566220720246659
13803409229933939587
18415095248362376067
16109252239148682115
16109252239148698503
16113755838776068999
16113755838776066951
16113755838776066951
16113755838775804807
16113755838779999111
16113755838775788423
16109252239152612231
18433109646874739591
18433109646874755975
18433109646874756999
18433109646874756999
18433109646874756999
18433109646874757015
18433109646874757015
18433109646874757015
18433109646874756999
18433109646874757063
18433180015618934727
18433180015618934727
18433180015618934727
18433180015618934727
18433180015618934727
18433180015618934727
18433109646875805639
18433109646875805639
18433109646875805639
18433109646875805639
18433109646875805639
18433109646875805639
18433109646875805575
18433109646875805575
18433109646875805575
18433109646875805575
18433109646875805575
18433109646875805575
18433109646875805575
18415095248366323591
18415095248366323591
16109252239147911047
16109252239147911047
16109252239148156807
16109252239148156807
16109252239148156807
16109252239148156807
16109252239013939079
16109252239013939079
16109252239013939079
16109252239013939079
16109252239013939079
16109252239013939079
11497566220586551175
11497566220586551047
11497566220586551047
11497566220586551047
11497566220586551047
11497566220586551047
11497566220578162439
11497566220578162439
11497566220578162567
11497566220578162567
11497566220578162567
11497566220578162567
11497566220578162567
11497566220578162567
11497566220578162567
11497566220578162567
11497566220578162567
11497566220578162567
11497566220578162567
11497566220578162567
11497566220578162439
11497566220578162439
11497566220578162439
11497566220578162439
11497566220578162439
11497566220578162439
11497566220578162439
11497566220586551047
11497566220586551047
11497566220586551175
11497566220586551175
11497566220586551175
11497566220586551175
11497566220586551175
11497566220586551175
11497566220586551175
11497566220586551175
16109243442920916871
16109243442652481415
16109243442652481415
16109243442652481287
14956330734138656519
14956321938045634311
14956321938045634439
14956321938044585863
14956321938044585863
14956321938044585863
14956321938178541447
14956321938178541447
14956321938178541447
14956321938178540423
14956321938179081095
14956321938179081095
14956321938179081095
14377609386061974407
14377609386062220163
14377609352776223619
14395623751286754187
14395623750213013385
14395623750213013387
14107393374061305743
14107463742805483295
14395694118957195039
14395694118957195039
16125076375866416927
16125006007122239263
18430849016335933215
18412843448279211807
18415095248092872479
18415095248092868383
18419598295809601343
18419475150775729967
18392453621730983743
13780767603303587647
9169081585415175999
9169081722854129471
18392488945154735935
9169116907230412607
9169117183182061375
9187201950435712783
18410573987284190977
18410573987114723079
18408871889664680751
17827326781383196479
17289111449593397055
16131849643306190719
18446744004718479111
18446744073703251919
18446744073709551551
18446744073709551615
18446744073709551615
18446744073709551615
17870283321406128127
17870283321406128127
17868031521592442879
17863527921965072383
17863527921965072383
18439979878175473663
18439962285989429247
18439962285989429247
18442213982723899391
18446717582351269887
18446717582351269887
18446726378175856639
18446726378041638911
18446743970227683327
18446744004587421695
18446744004586373119
18446744004586373119
18446744073305849855
18446744073305325567
18446744073439543295
18446744073439539199
18446744073439539199
18446744073439539199
18446744073439539199
18446744073439539199
18446744073439539199
18446744073439539199
18446744073439539199
18446744073439539199
18446744073439539199
18446744073305321471
18446744073305325567
18446744004585848831
18446743970226110463
18446744004586373119
18446744004586373119
18446743970227683327
18446743970227683327
18446726378041638911
18446726378175856639
18446717582082834431
18446717581948616703
18446717581948616703
18446717581948616703
18446717582082834431
18446717582082834431
18446717444643880959
18446717582082834431
18446717581948616703
18446717581948616703
18446717444509663231
18446717444509663231
18446717444509663231
18446726240602685439
18446726240065814527
18446726240065814527
18446726240065814527
18446726240065814527
18446743832250810367
18446743832250810367
18446743832250810367
18446743866610548735
18446743866610548735
18446743866608451583
18446743866608451583
18446743866610548735
18446743866610548735
18446743866610548735
18446743866610548735
18446743832250810367
18446743866610548735
18446744004049502207
18446744004049502207
4611685914407600127
36028692999176191
8865808527654911
508695304429633535
17940317917531865088
17940317917531865088
17940317917531865088
17940317917531865088
17940317917531865088
17940317917531865088
17940317917531865088
17940317917531865088
17940317917531865088
17940317917531865088
17940317917531865088
17940317917531865088
17940317917531865088
17940317917531865088
18228451691346788352
18445756978790924288
18446390267306180608
18446742669574078464
6917529025627815936
5742089524612694016
364773977629261824
290209497081676800
567347999930112
566420286996354
282589520722752
282589520723776
282589520723810
72342382581907299
72904252283944935
72905351862681591
218150837086584831
506381244628467711
2238024097999028223
2237760283927773183
9087171405111295998
18175469813961128703
18192355406984314111
17901938772151955711
17937965086680344825
17938106099046605048
17938084692795379944
17938093400840524000
17938084606894985424
17938084606894981328
17938084606894989520
17938084606894989440
17938084469590253696
17938084469590253728
17938084469054431456
17938084468785996000
17938084468785996000
17940336406038634720
18228566782190350560
18228584374644830432
18228584374644830432
18228584374644830432
17940353964133380320
17940353964133380320
17940353964670251232
17940353964670247136
18228584409541435616
18228584409541435616
18228584409407217888
18228584409407217888
17075662904800370912
17075671700893393120
17040768803781271776
16464308051477848288
17040773201827782880
18192568806527787232
8968070904125874400
8427638948841414880
6986348529617756384
6968331932085051616
6986346330594533472
2374589943422939376
2338561146404008176
33844002737418480
33844002468983024
33844002456400112
15829054325321968
13572856330907872
13572854187618528
15789469897650419
15789195019739391
6781994691223803
6781994154390512
6781994153345012
4530194339659296
4530194884915200
26595258659840
26595258982400
17798898032640
2269598711586816
2269598711054336
17661726556160
17661724459008
17662797152256
17662830706688
17662851678208
17662985895936
17662985895936
17662985895936
17662784569344
17662784569344
17662784569344
17662516133888
17662516133888
17660905521152
17660905521152
17660905521152
17660905521152
17660905521152
17798344474624
17798344474624
17798344474624
17798344474624
17798344474624
17798344474624
17798344474624
17798344474624
17815524343808
17815524343808
17815524343808
17815524343808
17815524343808
17815524343808
17815524343808
17815524343808
17815524343808
17815524343808
17849884082176
17849884082176
17849884082176
17849884082176
17849884082176
17849884082176
17849884082176
17849884082176
17832704212992
17832704212992
17832704212992
17832704212992
17849884082176
17849884082176
17849884082176
17849884082176
17849884082176
17849884082176
17815524343808
17815524343808
17815524343808
17815524343808
17815524343808
17798344474624
17798344474624
206158430208
17798344474624
17798344474624
68719476736
68719476736
68719476736
68719476736
68987912192
68987912192
68987912192
68987912192
69524783104
69524783104
68987912192
68987912192
68987912192
68987912192
68987912192
68719476736
68719476736
68719476736
17660905521152
17660905521152
17660905521152
17798344474624
17798344474624
17798344474624
17798344474624
17815524343808
17815524343808
17815524343808
17815524343808
17798344474624
17832704212992
17832704212992
17832704212992
17832704212992
17832704212992
17832704212992
17832704212992
17832704212992
18107582119936
18107582119936
515396075520
35699768164352
4504046303969280
13511795314524160
9043380059242496
9043345699504128
9043345699504128
9043208260550656
9043347846987776
9043072969080832
9043072969080832
9113579152211968
36011690164224
36012763906048
36012763906048
35600715481088
35325837639937
35325569138945
35323421655811
35323421655811
35323421655811
35323421722375
35323421722375
35323421722375
35323421722375
35323421722375
35323421722375
35323421722375
35323421722375
35323421722375
35323421722375
35323421722375
35323421722375
35323421722375
35323421722375
35322347980551
35322347980551
35322347980551
35322347980551
35322347980551
35322347980551
35322347980551
35322347980551
35322347980551
35322347980551
35322347980551
35322347980551
35322347980551
35322347980551
35322347980551
35322347980551
35322347980551
35322347980551
35322347980551
35322347980551
35322347980551
35322347980551
35322347980551
35322347980551
35322347980551
35322347980551
35322347982599
35322347982607
35322347982607
35322347982607
35322347982607
137975893775
137975893775
137975893775
137976418063
137976418063
137976418063
137976418063
137976418063
137976418063
137976418063
137976418063
137976418063
137976418063
137976418063
137976418063
137976418063
137976418063
137975893775
137975893775
35322347982607
52914534027023
52777095073551
52777095073551
52914534024975
52914534024975
52914534024975
17730161936143
17730161936143
137975891727
137439151887
137439153935
137439153935
137439153935
137439153935
137439153935
137976024847
35322347980559
137975891215
35322347979023
35322347913487
35598299562255
35598299627783
9042797554368771
9042797554303233
9042797554302977
9042799712272385
9043349472280576
9043349472280576
9113580777504768
27127979286986752
27092794378059776
4674807609824411648
4674807609824436416
4674947797554872512
4674948347310686400
13898320520526479552
13898320520526479552
13871298991481716928
13871298991750152384
13871228586221895680
13835199723167809536
13835199723302551552
13835199688942813184
13835199824234283008
13835199824234283008
4611827787379507200
4611827821739245568
141804385599488
141806533083136
141806398341120
1069044203520
1066896719872
792018812928
794166296576
794032078848
794032078848
793629425664
793630474240
18385816518656
18660693377024
18660693377024
18591839682560
18591839682560
27387932704768
27353573490688
27353572968448
62537945057280
273503517411328
70052084828866568
4105171797836564480
17924326516934576128
2048
526336
524288
67633152
201326592
201326592
34426847232
34426847232
34359738368
0
0
8796093022208
34359738368
34359738368
34359738368
8796093022208
8796093022208
8796093022208
8796093022209
8796109999903
293634553413631
1089651207498104831
9223372036854775807
18446744073709551615
18446744073709551615
18442240474082181119
18442240474082181119
18446744073709551615
18446744073709551615
14987979559889010687
14983475960261640191
17289318969475334143
18446744073709551615
18446744073709551615
16131893865241116671
16140901064495857663
16140901064495857663
17293822569102704639
17293822569102704639
17293822569102704639
16131893865241116671
16131893865241116671
16113879466731634687
14978901991890092031
18446620516090380287
18446743796945256447
18446744073703235567
18446744072096833487
18446743867012145151
18446708682640056319
18446726412265062399
18446717616174137343
18446735036561489919
18446735036561489919
18446743833191383039
18446743833124274175
18446743970563227647
18446743953383358463
18446743970562965503
18446735174470205439
18446744039282704383
18446744022102573055
18446744022102573055
18446735260369289215
18446735260369289215
18446735260369288191
18446744056462309887
18446739658415799807
18446739658416061949
18446739658449616381
18446744056496127485
18446744056495996413
18446741848882806269
18446741866062675453
18446741866062675453
18446741866062675453
18446741866062675453
18446741866062675453
18446741866062675453
18446741866062675453
18446741866062675453
18446741866062675453
18446741866062675453
18446178916109254141
18446178898929384957
18446178898929384957
18446178898929384953
18446178898929383929
18446178898929121785
18445050799931914745
18445050799931914745
18445050799932045817
18445050799932045817
18445613758475401721
18445613758475402233
18445613758475402233
18445613758475402233
18445613758475402233
18445613758508956667
18445613758508956667
18445613758508956667
18445613724149218291
18445604928056194035
18445604927921452019
18445604927921452019
18445604927921452019
18443357526154540019
18443357543334409203
18444483443241252851
18444483443241252855
18444483443241252855
18444483443241252855
18444483374588884983
18444465782134405111
18444465782402840551
18439962182775465959
18439962182775465959
18439962182775465959
18439962182774417383
18439970978599004135
18439970978599004135
18442222812772427751
18442222812772427751
18442222812772427751
18442222812907169767
18442222812907171815
18442222812907171823
18442222812907171823
18442222675468218351
18442222675468218351
18442222675468218351
18442222675468218351
18442222812907171823
18442222812907171823
18442222812907171823
18442222812907171823
18442222812907171823
18442222812907171823
18442213982454411247
18442222778547433455
18442222675468218319
18442222641108479951
18442222623928602575
18442222623928602575
18433215424673861583
18442222623926505423
18442222623389634511
18442222623389634511
18442222623389634511
18433215424134893519
18433215424134893519
18433215424134893519
18433215424134893519
18433215424134893519
18433215424134893519
18433215424134369231
18433215424136990671
18442222614799699919
17289301110192852943
17289265925820764111
17289265925820764111
17280258735088848847
18433180239695695855
18433180291302412239
18433180291302412239
18433180291168194511
18433180291168194511
18433180291168194511
18433180291168194511
17280258786695040975
17280258786695040911
18433180291302412239
18433180291302412239
18433180291302412239
18433180291302412239
18433180291302412239
18433180291302412239
18433180291302412239
18433180291302412239
18433180291302412239
18433180291302412239
18433180291302412239
18433180291302412231
18433180291302412231
18433180291302410191
18433180291302410183
18433180291302393799
18433180291302393799
18433180291301869511
18433180291301869519
18433180291301885903
18433180291301886927
18433180291301887951
18433180291301625807
18433180291167408079
18433180291167932367
18433180291100823503
18433180359820300239
18433180359820300239
18433180359820300239
18433180359820562383
18433180359887671247
18433180308348063695
18437683908109651919
18437683925289521103
18437683856570044367
18433180256942673871
18437697050709561295
18437622283914678159
18436496384007835535
18419607644887027599
16109261034972221327
16109261034972221327
18415104044185915279
18412852244372230031
18417355843999600527
18417355809639862159
18417355878359338895
18419607678038806415
18419616474131828487
18419616474391318287
11502069337021155087
11501928599667019535
11461413795207253775
2238041758889348879
2238041758889346831
2238041758889346831
2242527765659588359
2242527765793806087
2242527748547090183
2242527748547352327
2242527765794330375
2242527765793806087
2242527731299849991
2242527765659584263
2242527765659584263
2242527765659584263
2238024166032738055
2238024166099846919
2238024166099584775
2238024166099584775
11465899802580682503
11465899802580682503
11465899802583828231
2242527765729052423
2242527765729314567
2242527731235358471
2242527765661681423
2242527766196455183
2242527765659588367
2242527731232737039
2242527765726955279
2242527765726959375
2242527749086058255
4548388367665673991
4557395704359368455
4557395687178974991
4557395705302841103
9169081723797337871
9169099521873372975
9169188103433742191
4557466900634265423
9187308055059490767
9223371967731066831
18446726412399798223
18444492273491371975
18446735242852296647
18446739641100134375
18446739675459871719
18445613740991965127
18444492204771895239
18442222812772427719
18437701482981091279
18428659099354779599
18446673497998479311
18446708682235834319
18442222778412689351
18444483477331240903
18446735243053623239
18446744039146645447
18446744039146645447
18446739641100134343
18446739675459871687
18446739640898806727
18446739640898807695
18446739572179584911
18446743970226095887
18446744073303215887
18446744038406606607
18446744038943475471
18446744073303213839
18446744056393877263
9223372019262236431
9187343238747850511
4557502082709915407
4557502082978350863
4548423689137751839
2242580680192493343
2242545357844317983
2242545907600133919
2242669055049961375
2238165455154155423
10344644715768680335
10344715359390650319
10344715360464619471
11497628068978182095
18415157096619296751
18415157096619296751
18433171495028123623
18430919832655554535
18430954981057292263
18430955015417030631
18430954981057292263
18430954981055195111
18430954983202678759
18439962182457288679
18439962182457288679
18439962182440511463
18439962182474065895
18439962182482454503
18439962182482454503
18439962182482454503
18439962182482720743
18439962182482720743
18439962182482720743
18439962181408978919
18439962181408978919
18439962181408978919
18439962181408978919
18439962181408978919
18439962181408978919
18439962181408978919
18439962181408978919
18439962182482458599
18439962182482524135
18439962181408782311
18439962181400389607
18439962181366835175
18439962181366835175
18439962181366769639
18439962181383546855
18439962181383546855
18439962181383546855
18439962182457419751
18439962182457419751
18439962182457419751
18439962182457288679
18439962182457419751
18439962182457419751
18439962180309936103
18439962180312033255
18439962180320421863
18439962180320421863
18439962180324616167
18439962180324616167
18430954981069875175
18430954981069875175
18430954981069875175
18430954981065680871
18430954981057161191
18430954981057161191
18430919796685072359
18430919796682975207
18430919796683171815
18430919796683171815
18430919798830655463
18430919798830655463
18430919798830655463
18430919798830655463
18430919798830621671
18430954983208985575
18430954983141876711
18430954983141876711
18430954983175431143
17260019062877004775
12648297877257397223
10360469163541080039
10342454730667665383
10342454764633155559
10342454764633286631
10342463560730503151
10362729759053670383
10344715360544188399
11497566495601553263
11497566564316827471
11497566288365178703
11497566288365178703
11497566288366227279
11497566288366227295
11502069887993597919
11502069887985209311
2242669055722065871
4548370777691590607
4548370777632870287
4548370777632870287
4548388367671431055
4548388367537213327
4548388367537475471
4548388367537475487
4548388367537475487
4548388367537475487
4548388367537475487
4548388367537475359
4548388367537475359
4548388367537475359
4548388367537475359
4548388367537475359
4548388504976428831
4548388504976428959
4548388504976428959
4548388504976428959
4548388504976428959
4548388504975380383
4548423672159215519
4548423672159748031
2251588128488767295
4557431103074287423
4575516420217978687
9187202377979756415
9223355832467160959
18444460693537423359
18438795804009560063
16412110036429435895
14053209133692220407
508695101904519155
1082904604150071283
522276819286622195
540431955284459507
9223372036854775795
18446744073709551603
18446744073709544435
18446744073709544439
18446744073709544439
18446744073707714559
18446744073305323519
18446744073305325567
18446743970227159039
18446743970227683327
18446717582217052159
18446717582217052159
18446717582351269887
18439962251629690879
18430955052374949887
18430955086734688255
18430955086734688255
17854511926617309183
16701590422010462207
16701590422010462207
16701590422010462207
16701590422010462207
16710597621265203199
16710597621265203199
16710597621265203199
17863501533686005759
17854494334431264767
18439962285989429247
18444465782537584639
18446717444912316415
18446735174403096575
18446743969690812415
18446744038945587199
18446744073305323519
18446744073573746687
1587224
1587224
1587256
1849400
1849400
1849400
1849400
1847352
1849400
136067096
1063000
1063000
68171864
17248041048
17246992472
17448319064
17448319032
268449848
4398314960952
4398046525496
565148976683064
565148977862680
562949954605064
562949954606088
562949957751816
562949957751816
281474981041160
281474981041160
144396663052704872
150632
562949953463400
562949953421352
562949953421544
562949953421312
0
0
4398046511232
4398046511232
0
34359738368
34359738368
34359738368
0
0
68853694464
134217728
0
0
0
34359738368
268435456
68987912192
69122129920
68853694464
68719476736
68719476736
103079215104
34359738368
34628173824
34628173824
34493956096
34493956096
103213432832
68853694464
17661039738880
403177472
268435456
8796361457664
68988960768
103347650560
103481868288
103616086016
103079215104
103213432832
103213432832
103213957120
34762391552
34495004672
8830586978304
34762391552
104018739200
51942260736
69122129920
69122129920
17661308174336
103482392576
2251903161335808
8865080934400
103348699136
103481868288
120661737472
103347650560
240652386304
35287585521664
103213959168
4521295295283200
103482920960
2251903295553536
26491765129216
26492836249600
33501149134848
6852277127612416
6887461535619072
6808279551973400
6808279485004312
2278291441990712
6782028642523192
2278291576199192
2260630670678044
8830856992792
8830856468504
8830588557336
8830588557336
8830588557336
8830588557336
8830588557336
8830588033048
8830588033048
8830588033048
8830588033048
8830856468504
8830856468504
8830856468504
8830856468504
8830856468504
8830856468504
8830856468504
8899575945240
8899643054104
26491829098520
8899643578392
8865283840024
26457469884440
26457468835864
17661308704792
17661308704792
17661308704792
17661308704792
17661308966936
17661308704792
17661308704792
17661040269336
17661107378200
17661107378200
17592320792600
17609500661784
17643860400152
17643860400152
17643860400152
17643860400152
17695400007704
17695400007704
17695400007704
22093446518808
22093446518808
22093446518808
22093446518808
22093446518808
22093446518808
22093446518808
1147993353361432
1147993353361432
1147993353361432
1147993353361432
1147993353361432
22093446518808
22093446518808
22093446518808
22093446518808
22093446518808
26491493029912
26457401727000
2278257215412248
2278257216460824
6781891203569688
6781856843831320
6781891203569688
6781891203569720
6781891203569720
6781891740448824
6781891740448824
6781891740446776
6781891742543928
6781891742543928
6781891742543928
6781856845410360
6782269564923960
6852639382843448
6887823754948664
22650422450745392
4643334569166139504
4625249801912475760
13563783485087856
13563782411346032
13563713690820720
13563714764562544
13564264520376432
13564264520376432
13564266399424624
13705003887779952
13705003887779952
13705003887779952
13705001740296304
13775372631957616
49804169650921584
67818568160403568
2373661577374101616
49804167503442032
13563782546350192
26629660782704
26629739966688
61813440929888
53808161906912
106516812185792
211934095900800
141289391652864
0
0
16777216
50331648
100663296
234881024
201326592
201326592
201326592
469762048
469762048
402653184
402653184
939524096
939524096
268435456
536870912
0
0
0
0
0
0
0
0
0
2155905152
1614856384
551779623072
550776131792
550811232360
827317337252
828380567124
141153826122282
71334437967632
70578786379013
35529509538568
36170326726865602
9259541606519112832
13871298888829893089
13889348093381690304
13889348283639198448
16204198457713148096
13898355036114776288
6980826077630953968
6949177853116148192
6949177586819227744
2337491568307495024
31648490407884912
13634092175784048
13634091102304376
13563722358126712
13563722291017848
13563722291017848
13563722291017848
13563722291017848
13563722291017848
13563722291017848
13563722291017848
13563722291017848
13563722358126704
13563722358126704
13563722358126704
13563722358126704
13563722358126704
13563722358126704
15815625251027056
15815625251027040
15815625250994288
15815625250994224
15824421343754288
13572621496514608
13572587153553456
13572587153029168
13572587220203568
2319485965178073136
2319485965178073136
2319477169085182000
2319406800341004336
2319406731621462064
2319406731621330992
2319406731621593136
2319406731621593136
2319406731621593136
2319406731613204528
2319415527706226736
2319415390267273264
2319415458986750000
2319415458986750000
3472336963593596976
3472336963593580592
3472336963593646128
3472336894870499376
1166493956464914480
1166485151781951536
1168745746619250736
1159703362950475832
6781859421564984
6782416280424472
6782134439974936
6782082430343196
6781943347288092
583242713367710492
583225051319897116
583242712228567064
583242575324387544
6782183798216728
6781893887924248
6781900330375192
15789100658858008
15788997646751768
15788991237855256
15788991237855256
6781929422067736
6781928348325912
6781928331548696
6781929405290520
6781998124767256
6781997051025432
6781859108755484
6781860165720088
6781860165720088
6781860166048792
6781791446309912
6781790313846808
6781790313846808
6781790305458200
6781790305721880
6781790305721368
6781790305459224
6781789240106008
6781789233814552
6781789231717400
6781789231651864
6781789231651864
6781789231651864
6781789231651864
6781789231651864
6781788124355608
6781788124355608
6781790271839256
6781790271839256
6781790273936408
6781790290713624
6781790290975768
6781790358084664
6781790355987512
6781790364384280
6781790892866584
6781791949831192
6781791949569048
6781791949569048
6781791983402008
6781791983385624
6781791983385624
6781791985482776
6781791985482776
6781789837999128
6781789846387736
6781789846387736
6781789837999128
6781789837999128
6781789835901976
6781789835639832
6781789839834136
6781789856611352
6781789856611352
6781791999900696
15788990180899864
15788990147345432
15788990147345432
15789127586298904
15789127586298904
15789127586298904
15789127597046808
15789127597046808
15824311969135640
1745206431440518168
1745206431440518168
1745206431440518168
1736199232185777176
1736199232185777176
1736199232177388568
1736199232177323032
1736199232177323034
1736199232177323098
1745206431432064090
1745206431440452698
1745206431440452698
1745206431440452698
1745206431440518234
1745206431440518234
1745206431440518234
1745206431440518234
1745206431440518234
1745206431440518234
1745206431440518234
1745206431440518234
1745206568879471706
1745206568879471640
1745206568879488536
1745206568879488536
1745207187354779160
1745207191641292312
1745207475109134104
1745207120755211610
1745207120755211354
16701536952954373029
16701536884234896293
16701536884234896293
16701536884234896293
16701536884234634149
16701536952954110885
16701536952954372901
16701536952954372901
16701536952954372900
16701536935774503716
16701536935774503716
16701536901414765348
16701536901397988132
16701536832678511396
16701536832678511396
16701396095190156068
16701396095190156068
16701394720800359204
16701394712210424612
16701535999471371044
14395692994550547236
14404700193805288228
14404700193771733796
14116506100429996836
9504679344514253604
9504677690951844644
9504686505298477860
9792934611645612965
9774850119672513445
9765807590083904421
9774928588792120229
9774928593087088549
9486698216935376805
9765920839781566372
9774788117591746340
9774788117591744804
9774781520521969920
9779285120149324032
9779285120149192960
533395634909184256
5126222834191925504
7432207680405602560
8584003285105606912
7422356056220729600
7440933404683632896
7440933404683632642
2865134346275192834
72058152375287874
4278190146
4278190080
4278190080
4278190080
4278190080
4278190080
4278190080
4278190080
4278190081
4278190080
2264924160
50331648
551920074752
0
2147483648
551903297536
278099132416
2147483648
2147483648
277025390592
552977039360
690424381440
552985427968
690424414336
965302321280
18015363815997568
827867562144
9223372312810668256
327495467104
36029330672861408
36029330672861280
36029330672865376
4611686277736091744
258237067360
9259401092110774384
9259401092110770288
9259401092110758008
54043453765464120
54043453782237232
54043458077270064
54043458077274160
18014661058834480
18014661056737328
2323857665438595120
2323857665421817904
2323857665421752376
2323857665421750328
2323857527984894008
2305843129476462648
2305843129744898104
3458764634351736888
1152921625138042936
1152921625138042936
1152921625138042936
1152921625138042936
1152921625138042936
86171457592
206430550072
206430550072
68991594552
1152921573598435384
1152921573596338232
1152925971642322968
1441151949747523592
1441169541665658880
1297063149951260672
1153493353734084624
290305564219408
2305852939312830464
2305851839801464832
2305851839801460736
2305851839801460736
6917537858228586496
6917537858295695360
6917537858295695360
7061723380688881664
7063896015665367040
6937804022192015360
6938929956525705216
6938929956525703168
6937804056618862592
6937804056618862592
6917537858228586496
6917537858497021952
6917537927216498688
6922041526576482304
6917537926949115904
6917537926949115904
8070459431824398336
8070459431824398336
6917537927217551360
6935552325727029248
6935552325458593792
2305851908521728000
6917537858228586496
6917537926948063232
6917537926948063232
2305851908520675392
2305869432255678464
4611694849283328000
4611699247061403648
6764367467513856
2317110838869624832
20275028910671872
1155235461321984000
1155234912640043008
1164242248259995648
2278222855669760
2278291306711040
2269426494343168
26422773549056
17695400003584
17695400007680
61675866167296
22570877909997568
4634256827617908736
4616207244735289344
4616207244735551496
4616224836921604120
13839667242520557592
9264010020977907736
9227946177293982232
4503634390293016
4521295362923032
4644852713658904
4504115494787096
4504115964550168
4504115964550169
4521708150594585
6755915778235417
6755915778235673
6755640900328728
6755502924504346
6755502689622298
4618441521133787418
6755502706407706
6755502706407706
6755503209724186
6756052965538074
6756052965538074
6756052965538074
6756052965538074
1159677557572385050
1159677007816571162
1159677012111866138
1159685803892807704
15044495059256482844
17363884450083510284
17940362863829325848
8716995225030013104
8952307773047857248
18175609988800315488
4340518681881501792
2025545465549701216
2043541721580453952
1737296672575078480
584373791968083984
584373791964921872
6768997814894608
2266086460228624
2300446198664465
6786308145810705
6822041736875281
6781909570849920
2312624917706607616
6781908486589440
24800705579453440
6786309215357952
6786317807394304
6786315659910656
6786315659943424
6786315123105299
7914414606851859
3410957248175874
291624703288614658
292205176706502411
434323615964401415
218150833714824963
217020535761470211
72346795778705159
569577205794567
1696606689036063
1704303404650127
1704303388397071
1704303387872783
1705402899500815
1696572446740239
1696572446805775
289926948598517519
289926948598517519
145811760522661647
146093239676899087
146093239676899087
146093239676899087
1978051601043215
1978051601041167
1978051601041167
1978051601043215
1978051601043215
1696576624332559
1696576624332559
145811760405155599
145811760405679887
145811760523120142
1696606807002638
1837344295357966
1696606807002638
1695507295374862
1704303388397070
1704303388397070
1704303388397070
3956103202082318
292186479353794062
292186479353794062
292186479353794062
292186479353794078
292186479353663006
292186479353663006
868647231657090590
868084273113734686
291623520810311198
3390945903779358
3390945870224926
3390945870224926
3390945870224926
3393144893607438
3956103436963342
292186479622229518
292186479353794062
292186479353794054
3956103202082318
3956103202082318
3956103202082318
1156877607809981982
1704303389449758
1704303389449759
1704303388925471
1704269029187359
1696572447792927
289926948599570207
289926948599570207
289926948465350431
1696572330950431
1978051611016991
1978051602628383
1978051602628415
1978051604725567
1978051604725567
1978051604725631
1978051602628479
1714168811437951
1714168810389375
1696576624344959
1696709768265599
1696572329824127
1696572866694718
1696881684909630
1696606807002654
1695507295374878
9225067544150150718
1704303388401278
1704303388409470
1704303388409470
3956240641048190
292186616792759934
292186616792759934
292186479353806462
292186479353675390
292186479353675390
292186479353667198
291623529400245886
291623520810311230
3393144658599550
3390945903787646
3390945870233214
3390945870233214
3393144893488766
3956103470399102
3956103202094718
3956103202094718
3956103067876990
3956103202094718
1704303388409470
289934645046152830
289934782623583806
289934645046152830
289934679405903486
1695507161235071
1695472800972415
1704268893994879
1704268893929343
1705368405622655
1705372700589951
1986847677300607
1978051601055615
1978051601047423
1978188972885823
1978189039994687
1978189039994687
852289066049343
852289066057535
1978188972900159
1978189040009023
1986985133031295
1986985132965759
1705505861287807
1705505844510335
289925986391637630
866386601256099452
289934645045628542
289934645045628478
1704268894441086
1704303254191742
1704303254191742
1704303254191742
1704303254191742
1704303254191742
1704303254208126
1704303254208126
3956103067893374
3956103202111102
3956103202094718
3956103067864702
3956103034314366
3956094578597502
3393144625069694
3393153216052862
3393153218150014
3393153218150014
1704303358017150
1704303257353854
1704303257353854
289934645047230078
289934645046181502
289934645046165118
289934645046165118
289934645046152830
289934645046152830
289934645046165119
1704268895501951
1704268895501951
1705368406605695
1705368406605695
1705368406671231
1978051585326975
1978051601055615
1978051601055615
852151627095935
852151694198591
144967322523076359
144984914708858687
869726633008959
852134446841663
852134446841663
852134446964543
852134446833471
852134446833471
852134446827327
72909728484755263
72909728484755207
72905330438374151
72342380484952839
284786447024903
284786447024387
284786447024387
282587423768835
282587423768835
1112447058691
1112447058177
1112447058177
3311470182656
3311436628737
3311436628225
3311436628225
3311436628225
3311436628225
4311810305
4311810305
38671548672
34376581120
34359738368
34359738368
34359738368
34359738368
34359738368
34359738368
34762391552
34762391552
34762391552
34762391552
103213432832
103213432832
103213432832
68853694464
68853694464
68854218752
17661040263168
17661040263168
17661040263168
69122654208
34763440128
8830722244608
8830722244608
8830722244608
8830722244608
8830722244608
8830722244608
34629222400
103349747712
4502067347456
4502067347456
121198608384
121198608384
121198608384
121198608384
121198608384
258704670720
258704670720
258704670720
241524801536
240987930624
240987930624
240987930624
240987930624
240987930624
240987930624
258167799808
206628192256
206561607680
69122654208
103482392576
103482392576
103482392576
103482392576
69122654208
103482392576
103483441152
103483441152
34763964416
34763964416
69123702784
17661309747200
17661309747200
17661309747200
17661846618112
17661913726976
17661915824128
17661915824128
1010302976
1010302976
1010302976
1010302976
741867520
741867520
775421952
775421952
775421952
775684096
775684096
69495160832
70568902656
70568902656
70568902656
70585679872
70854115328
4503670481616896
4503670481616896
4503670481625088
70854254592
9007819864809472
1152939717407219712
1155191792098816000
1731661340495261696
2882322251342884864
4522020733663232
1157443731498940416
1157443731498940416
1157443731498941440
1446949541138889728
1449201375312313856
1159845116433628672
1159845116433628672
1736305877326970624
1736376250366115584
1736376250366115588
1736305877326970630
1736305877326970630
1736305868737036039
1736305851557166855
1737431717112659727
1737431717112659727
1160834625367408399
1304949813443264271
1304386863489842959
1304386726050889487
1304382327987633983
1304382362313817983
1302132503758241663
1302132503624023935
1302132486444154751
1734477500915908607
1158016756866875391
1158007960706547711
1157445001089187839
3463288010302619647
12688911844857675775
12688909645865877503
5771380618224794879
3463285809193351423
1743192226514401535
626309380163042559
1752209287005658366
1743202091978759420
2022451657154796796
1736613852664831230
1876119887879347422
1880588440573582492
1736473252497726620
1233170155615885340
7064985265051676
7610068288739356
7610068825610268
7627523572701213
7064573619280157
7064573619280157
7064438327810333
7068836374321437
4817036023765277
4817036023765277
4817035889547548
4812637843034396
4812638916776216
4812673276514584
4812636769292568
4531196152320280
4531196152320280
4531161792581912
4531161792581912
4531196152320280
4531196152320280
4531196152320280
4531198299803928
4533397323059480
4533397323059480
4533397323059480
4533397323059480
4533397323059480
4533397323059480
4533395175575832
6782995966005528
6782994892263704
6782995429134616
6783132868088088
6783132868088088
6783132868087864
6787805792505912
6787805792505912
6787805792507960
6787805792507960
6787805792516152
6787668353562680
6787668353562684
6787668353562684
6787805792516156
6787805792516156
6787805792516156
6787805792516158
6787805792516158
6786707354630206
6788768938865214
4537072206492222
4537067625263678
4532678437122618
13575612927193722
13566267078353522
13575063976698480
9071393486561904
9634893195797088
27719660449448676
27715264550421220
27715264019874020
4639961913118344388
4675990701581042884
9278792666056000708
9278792666056000708
9281009280419660932
9281009005533332612
9281009005541721228
9267436634008454152
9555667010160165896
9560170092243979272
913258807818980360
597866096414690312
1768801999531019272
4038616211725749256
8650302230153137160
15572334857421588488
1737276802139424776
1737294463313385496
1736168563407591448
1736168563407591448
4042011572621023256
4051049695573194808
4051049678932293688
8662735697359681592
8680820740569200760
8680820740569200760
17904192777423976568
17940221574442940536
17940362863843014896
17361641481138401520
17361641481138401520
17361641481138401520
17361641481138401520
17361641481138401520
17361641481138401520
17361641481138401520
17361641481138401520
17361641481138401520
17361641481138401520
17361641481138401520
17361641481138401520
17361641481138401520
17361641481138401528
17361641481138401512
17361641481138401512
17361641481138401512
17361641481138401512
17361641481138403560
17361641481138399464
17361641481138399464
17361641481138399464
17361641481138399464
17361641481138399464
17361641481137875176
17361641481137875176
17361641481137875176
17361641481272092904
17361641481003657448
17361641481003657448
17361641481003657448
17361641481003657448
17361641515363395816
17361641446643919080
17361641446643919080
17361641446643919080
17361641446643919080
17361641446643919080
17361641446643919080
17361641446643919080
17361641446643919080
17361632650550896872
17361632650550896872
17361632650550896872
17361632650550896872
17361632650550896872
17361632650550896872
17361632650550896872
17361632650550896872
17361632650550896872
17361632650550896872
17361632650550896872
17361632650550896872
17361632650550896872
17361632650550896872
17361632650550896872
17361632650550896872
17361632650550896872
17361632650550896872
17361632650550896872
17361632650550896872
17361632650550896872
17361632650550896872
17361632650550896872
17361632650550896872
17361632650550896872
17361632650550896872
17361632650550896872
17361623854457874664
17361623854457874664
17361623854457874664
17361623854457874664
17361623854457874664
17361623854457872616
17361632650550894824
17361632650416677096
17361632650416677096
17361632650414579944
17361632650414581992
17361632650416679144
17361632650416679144
17361623854323656936
17361623854323654888
17361623854457874664
17361623854457350376
17361623854455251176
17361623854321035496
17361641446240739560
17361641411612565736
17361641446509175016
17361641446643392736
17361641480466260192
17361641480330469600
17361641480466786528
17361641412284180704
17361641481003657448
17361641481272092904
17361641481272097000
17363893281085778152
17363902077178800360
17363902077178800360
17363902077178800360
17363902077178800360
17363902077178800360
17363902077179848936
17363902111539591400
17363902111539591400
17363902111539591416
17363902111539591416
17363902111539591416
17363902111539591416
17363902111539591416
17363902111539591416
17363902111539591416
17363902111539591416
17363902111539591416
17363902111539591416
17363902111539591416
17363902111539591416
17363902111539591416
17363902111539591416
17363902111539591416
17363902111539591416
17363902111405373688
17938102233576042736
17938111029534847216
17940362863708271856
17940362863708271856
17940362863708532976
17940362863708270836
17940362829348533492
17940354033255511280
17940354033255511280
17938110960815366368
17940345236894052576
17940362829080097008
17940362829079044336
17940362829079044336
17940353964267593968
17940354032987074800
17940353964267598064
17940358431302021364
17940358431300972788
17940358225142543604
17940358362581497076
17940358448481891572
17940358491498935540
17940358461434164476
17940360660457944316
17938106661619954936
17938107795626587380
17938102194988184820
17938106584176850164
17363888878475869424
17357129149706729704
17357120147187886312
17357093758503545056
16195173782284980432
16195156047291273424
13871263317217026208
13871263581625950368
9223442941400334400
9223372552250867712
141804796149888
1030792183808
962072674304
962072674304
824633720832
824633720832
824633720832
824633720832
824633720832
0
0
0
0
2147483648
3221225472
3221225472
1082130432
1082130432
1082130432
1086357504
1623228416
1623228416
1616953472
1616953472
137982165184
137982132416
206701617216
206965858368
17799151902816
17799151886432
17799152934944
17661713981472
17661711888432
17661175009328
17661175009296
2269460988694544
2269495348432912
2269495348434968
2269495348434968
2269495348434968
2269495348434968
2269495079999512
2269495079999512
2269495079999512
2269495079999512
2269495348434968
2269495482652696
2269495483176984
2269495483176984
2269495483176984
2278291441981464
2278291441981464
2278291576199192
2278291576199192
2278291576199192
2278291576199192
2278291576199192
2278291576199192
2278291576199192
2278291576199192
2278291576199192
2278291576200216
2278291576200216
2278291576200216
2278291576200216
2278291576200216
2278291576200216
2278291576200216
2278291576199192
2278291576461336
2278291576461336
2278291576461336
2278291576461336
2278291576461336
2278291576461336
2278291576461336
2278291576461336
2278291576461336
2278291576461336
2278291576330264
2278291576199192
2278291576199192
2278291576199192
2278291576199192
2278291576199192
2278291576199192
2278291576199192
2278291576199192
2278291576199192
2278291576199192
2278291576199192
2278291576199192
2278291576199192
2278291609753624
2278291609753624
2278291609753624
2278291609753624
2278291609753624
2278291609753624
2278291609753624
2278291609229336
2278291609229336
2278291609229336
2278291609229336
2278291609229336
2278291609229336
2278291609229336
2278291609229336
2278291575674904
2278291575674904
2278291575674904
2278291575674904
2278291575674904
2278291609229336
2278291609229336
2278291609229336
2278291609753624
2278291609753624
2278291609753624
2278291609753624
2278291609753624
6781891237124120
6781891237124120
6781891237124120
6781891237124120
6781891237124120
6781891237124120
1159703395843971096
1159703395843971096
1159703395843971096
1159703395843971096
1159703395843971096
1159703395843971096
6781899826542616
6781899827066904
6781899827066904
6781899827058712
4530100013373464
4530100012849176
4530100014946328
580990852318894104
580990852318894104
580990852318894104
580990852318894104
580990852386002968
580990852318894104
580990852318894104
580990852318894104
580990852318894104
580990843728959512
4530091425536024
4530091425536024
4530091429730328
4530100019664920
4530100019664920
4530091429730328
4530091425536024
4530091425536024
4530091425536024
4530091425536024
4530100015470616
4530100015470616
4530100015470616
4530100015470616
4530100015470616
4530100015470616
4530100019664920
4530100019664920
4530100019664920
4530100019664920
4530100019664920
4530100019664920
4530091425536024
6781891239221272
6781899829155864
583242652132579352
583242653206321176
583242653206321176
583242653210515480
583242653210515480
583242653210515480
583242653210515480
583242644620580888
583242644687689752
6781892346517528
6781892346517528
6782166148585496
6786289317189656
6786306497058840
6786307033929752
6786444472883224
6821628844972056
6821611665102872
6821628777863192
7947528147834904
6821628240992280
15828827495733272
15828827495733272
16954727402575896
16954727402575896
16954727402575896
16954727402575896
16954727402575896
2611028112767981592
2611028112767981592
2611028112835090456
2611028113371961368
2611028113371961368
3763949617978808344
3908064806057023512
4484595935694559256
4480094535090444312
4336542296968018968
3332239580064398360
7961940271879175192
7961940271912729624
7962081010474826812
7385461928497003580
17761774161656429628
16645303666537544764
16643051866740898876
16643034240195116092
17795956230133284412
17832002619338291774
8610864274715081342
9223353824037468794
9218868437218917978
18442240474082147864
18442240474082147864
18442240474082180632
17289318969474285176
17293822569102704252
18446744073709551230
18446744073709547262
18446744073709551615
18446744073709551615
18446744073709551615
18446744073709551615
18446744073709551615
18446744073709551615
18446744073709551615
18446744073709551615
18446744073709551615
18446744073709551615
18446744073709551615
18446744073709551615
18446744073709551615
18446744073709551615
18446744073709551615
18446744073709551615
18446744073709551615
18446744073709551615
18446744073709551615
18446744073709551615
18446744073709551615
18446744073709551615
18446744073709551615
18446744073709551615
18446744073709551615
18446744073709551615
18446744073709551615
18446744073709551615
18446744073709551615
18446744073709551615
18446744073709551615
18446744073709551615
18446744073709551615
18446744073709551615
18446744073709551615
18446744073709551615
18446744073709551615
18446744073709551615
18446744073709551615
18446744073642442750
18446744073709551614
18446744073692708862
18446742969886113778
18446461494909401074
18229162812888250362
17940932419355344890
17940927986949619698
17940927987083837426
17940927987083837426
17940928025738543090
17940928025738543090
17363904323481698290
17940365075801898994
17941495373755252722
17941776848715186162
17940646542171897586
17940646542171895538
17940646542171895538
17940646542188674810
17940646542171897594
17940646550761832186
17940646550761832186
17940646550761832186
17940646550778609402
17940646550845456122
17940650966004727546
17941776865911570426
18230007224883412986
18230007224883412986
18230002826836901882
18228876926930059258
17940646550778347514
17940646550778347258
17940646568025325306
17940646568025325306
17940650966072098554
17941776865978941178
18230007242130652922
18230007242063279858
17651290274719790834
17508863936504198890
17941209500731766498
17940646550777820898
17940646550777816806
17940646550643599078
17940646550642550518
17941209465967797878
17941200051399485030
17362488046890706534
17362469904948848198
17321796770812053062
18931680106694214
18931680106694214
18931680106694214
18931680106694214
18931680106694214
18932229862508102
18932229862508102
18932229862508102
18650757033289286
18650754887902790
18650754888164934
18650480001869382
18650480001869382
18650480001869382
18650497248847430
18650772126754374
18650768335103558
18650768368657990
18650905807447622
18087406047880710
4775018910504478212
28260087628097126
10245413166966374
10245962922780263
2604284168211064551
2604460090088285927
2316229164163983079
10386154946094823
10386704701875942
10395776093807846
137332203480294
576527719016441062
6822366154138854
6822361863496934
6822361863496934
6821812111877350
6821812090905702
6821526483986022
6821526476568166
6821526476565606
6821525369286246
6821525365075686
6821525363893478
6821525363897574
6821525363893478
6821525363893478
6821525363893350
6821525363893350
6821525363910246
6821525368104550
6821525368104550
6821525368235622
6821525368235622
583282277671658598
583282277671659110
592289476926400102
7947425275078246
16954624529819238
16954624529802854
584408177981007460
870386857395643492
1446847609699050596
1446847609699050596
1446847609699050596
1446847609699050596
1446847609699050596
1446847609699050596
1446847609699050596
1446847609699050596
1446847609699050596
1446847609699056740
1446847609699056740
1446847609699056740
1446847609699056740
293926105092209764
293926105092209764
293926105092209764
293926105092209764
293926105092209764
293926105092209764
293926105092209764
293926105092209764
293926105092209764
293926105092209764
289422505464839292
289422505464839220
307419311788274740
307419311788274742
21511035474949174
291727013117178934
868117671554465332
904146468606983732
877124871916502588
580010450402295356
584514050029665848
1737297565931421240
872605750147366460
2025527254502555196
2025597659888172604
2026195796361182780
2035132628482293308
2035132488904244796
4340976597621177916
4340976597621177916
4340976597064416828
4340972233373417020
4358991030067822332
4359343075649027836
9115144282153815678
9112891383902244478
9114861674380002878
9114861742831064638
9114861742898157086
9114861742902099486
18374227375492316974
13618593810236522252
4395221790427659012
4395230586520680964
4359179803295709700
4359179839937149460
4359061127309524500
4359061127309458960
4359061127275773456
4341047826163973632
4341047826147196416
4485092095718997504
4485373295817793024
2179530285547134466
4557430888798821888
4557430888796724736
4557430888796720640
2251587879046155776
2242545357979321344
2242545357979320320
2242545288990818304
1085102592435945472
1085102592435945472
1085102558009098368
506521947236991104
506521930057154688
506521930065543296
506518075332395136
506518071037427840
506518071037427840
506518071037427840
506518071037427840
506588439781605504
506588439781605504
506447702293250176
506447700145782976
506447975019495616
506447976093237440
506447976093237440
506447978240721088
506447428484874432
506447428484874432
506447428484874432
506447428484874432
506447426337390784
506482610709479520
506482610709479520
506482610709479520
506482610709479520
506412241965301856
506412241965310048
506412241965310048
506412241965310048
506412241965310048
506412241965310048
506412241967407200
506412241967407200
506412241967407200
506412379943231584
506412379943231584
506412105065324640
506412105065324640
506412105065324640
506412105065308256
506412105065308256
506412105065308256
506412103991566432
506412103991566432
506412103991566432
506412103991566432
506412103987372128
506412103987372064
506412103987372064
506412103987372064
506412103987372080
506412103987372080
506412103987372080
506412103987372080
506412103987372064
506412103988420640
506412103988420640
506412103988420640
506412103987372064
506412103987372064
506412104255807520
506412104255807520
506412103987372064
506412103987372064
506412172706848800
506412172706848816
506412172706848816
506412207066587184
506412207066587184
506412207066587184
506412207066587184
506412207066587184
506412207066587184
506412207066587184
506412207066587184
506412207066587184
506412207066587184
506412207066587184
506412207066587184
506412207066587184
506412207066587184
506412172706848816
506412172706848816
506412172706848816
506412172706848816
506412172706848816
506412172706848816
506412172706848816
506412172706848816
506412172706848816
506412172706848816
506412172706848816
506412172706848816
506412172706848816
506412172706848816
506412172706848816
506412207066587184
506412207066587184
506412207066587184
506412207066587184
506412207066587184
506412207066587184
506412207066587184
506412207066587184
506412207066587184
506412207066587184
506412207066587184
506412207066587184
506412207066587184
506412207066587184
506412207066587184
506412207066587184
506412207066587184
506412207066587184
506412207066587184
506412207066587184
506412207066587184
506412207066587184
506412207066587184
506412207066587184
506412207066587184
506412207066587184
506412207066587184
506412207066587184
506412207066587184
506412207066587184
506412172706848816
506412172706848816
506412172706848816
506412172706848816
506412172706848800
506412172706848800
506412103987372064
506412103987372064
506412103987372064
506412103987372064
506412103987372064
506412103987372064
506412104255807584
506412103987372128
506412104255807584
506412103987372128
506412103987372128
506412103987388512
506376920693235808
506447426876366944
506447426874269792
506447426874269792
506447426874269792
506447426874269792
506447426874261728
506447426337390816
506447426337390816
506447426337423584
506447426337423552
506447428484907200
506588165981651136
506517797233279168
506518346993287360
506518072115364032
506522469083939008
506522469083938944
506522469083938944
1082842483899007104
1085093731800973440
1085093731800973312
1085093731800973312
1085101428382367744
1085101428382367744
2238022932989214720
2170187463601946624
2170187463601946624
2170202856764735488
2170202856764735488
4476045865978429440
4484490115279749120
4340374927203893248
4340405713529470976
4340405713529470976
8952091731956858880
8968980230559498240
8680749854407786496
8680749854407786496
8680811427058941952
17904183463913717760
17937960461118996480
17361499708815573249
17361499708832416001
17361622858429694209
17361623957941321985
17357120354019115779
16204197758507287042
16204199957530542594
16204164773158453762
16204164764602205190
16204162582758818820
16195159781550588932
13889316772336894980
13889316755224397832
13889242022793447432
13889250818886469640
13889250818886469640
13889250818886469640
13889250818886469640
13889250818886473752
13889250784527783960
13871236386017777688
13871236386286211096
13871236386151993360
13871227590058971152
13871227590058971152
13871227590058971152
13871227658778447888
13871227658778447888
13871227658778447888
13871227658778447888
13871227658778447888
13871227658778447888
13871227658778447888
13871227658778447888
13871227658778447888
13871227658778447888
13871227658778447888
13871227658778447888
13871227658778447888
13871227658778447888
13871227658778447888
13871227658778447888
13871227658778447888
13871227658778447888
13871227658778447888
13871227658778447888
13871227658778447888
13871227658778447888
13871227658778447888
9259541640351062032
9259541640351062032
9259541640351059984
9259400902862704656
9259400902862704656
9259400902862704656
9259400902862704656
9259427291141771280
9259427291141771280
9223398494122807312
9223398494122807312
9223398494122807312
26457268031504
26457268031504
26457268031504
26457268031512
26457268031512
26457268031512
26457268031512
26457268031512
26457268031512
26457268031512
26457268031512
26457268031512
26457268555792
4530056895926288
4521260802904080
4521260802904080
4521260802904080
4521260802904080
4521260802904080
4530056895926288
4530056895926320
4530056898033712
4530056898033712
4530194336987184
4565379245946928
4565379245946928
4565379245946928
4565379245946928
4565379245946928
4565379245946928
4565379245946928
4565379245946928
4565379245946928
4565379245946928
4565379245422640
4565379245422640
4565379245422640
4530194873333808
4530194873333808
4530194873858096
4530056898033712
4530056895936568
6781856709613624
6781891069351992
6781891069351992
6781891069351992
4530091389892664
26491762522232
26629201475708
61814112532604
53018019527800
4556583287160062
13634460523986687
13642981810536446
13572613066162175
15824412875652479
6782045892082812
6786443936284284
6786306497331068
2282706869959743
30915679886910
13254773317182
13254504881694
13254521720607
4428363925279
30183196431
30182672143
13002802947
12935431939
4345496323
16843587
16843123
74097
12401
12400
2109496
3160120
1062968
1587260
272119868
206965315612
9227928619468725276
9223407462015048732
9223407462015048732
9223389732523219996
9223389663803739164
9259418529542179870
13871095751876545550
13871086921423784974
13889242023129252878
13889242022860817934
16195155383504078342
16204163115334763526
16204198576732374531
17361623819445469699
17361641480900444675
17940362829347586819
18228593239860036353
18229723537947615681
18374401693224333793
18374403900837787889
18446744069397740792
18446744073709485820
18446744073709551614
18446744073709551615
18446744073709551615
18446744073709551615
18446744073709551615
18446744073709551615
18446744073709551615
18446744073709551615
18446744073709551615
18446744073709551615
18446744073709551615
18446744073709551615
18446744073709551615
18446744073709551615
18446744073709551615
18446744073709551615
18446744073709551615
18446744073709551615
18446744073709551615
18446744073709551615
18446744073709551615
18446744073709551615
18446744073709551615
18446744073709551615
18446744073709551615
18446744073709551615
18446744073709551615
18446744073709551615
18446744073709551615
18446744073709551615
18446744073709551615
18446744073709551615
18446744073709551615
18446744073709551549
18446744073709551549
18446744073709534653
18446744073709534653
18446744073709534653
18446744073709534653
18446744073709534653
18446744073709534653
18446744073709534653
18446744073709534509
18446744073709534509
18446744073709530541
18446744073701141933
18446744073709530541
18446744073709530541
18446744073701141933
18446744073701141932
18446744073701141932
18446744073709530541
18446744073709534637
18446744073709534653
18446744073709534653
18446744073709534653
18446744073709534653
18446744073709534653
18446744073709534717
18446744073709534717
18446744073709501949
18446744073705303549
18446744073705172477
18446744073704123900
18446744073704123900
18446744073705221612
18446744073705221548
18446744073696837036
18446744073663282604
18446744073663282604
18446744073662758317
18446744073675848893
18446744073541631165
18446744073541631165
18446744073533240509
18446744071381562557
18446744073529046205
18446744072488859069
18446744072497182141
18446744072497182141
18446743788995788287
18446743788995788287
18446743788995788287
18446743788995788271
18446743788995804671
18446743788995870207
18446743789130087935
18446743789129039343
18446743789112262079
18446743789145816511
18446673351413854124
18446673359970234286
18446655767784058810
18446655767783796650
18446655767783796666
18446655630344974266
18446655630346022842
18446655767784976312
18446655767784976312
18446655767784976314
18446655767802015678
18446655767734906812
18446655767734906812
18446655767734890493
18446726411356975101
18442081524485435389
18442187618767581053
18442222803139668861
18442222807438834557
18442082061360544765
18442082061360544509
18446585660982672125
18446585660982688509
18446585660982687997
18442082061355317501
18442082069978807037
18442082069978807037
18442082070247242493
18442082061657307901
18442082061724417789
18441519111770996477
18446040303584411389
18446040303315975933
18443788503502290685
18443928966116933373
18443929034836410109
18443929034836410109
18443786098324799229
18443715704079236349
18443715704079236349
18425842034434620669
18425842034435669245
18425842034435669245
18428093834249354493
18428093834248690941
18428058649876610301
13816445474090368253
18426433847503994108
18426152371977829630
18444166641772650494
18444200726530351102
18444165542158196447
18437697115254087391
18437679561656235727
18436553644720259019
18148323268566703067
18436544917075385291
18436580101984087019
18440527348696477177
18296412143507861501
18441657620947134445
18443635694105847028
18443635698284426487
17867740094924256499
18443334427770024690
18443080470665360115
18157383369472340721
18155131573953625081
18013268185691454457
18012693136815159801
18005938836885731833
18005938841180699633
18005938841180697585
18005938841180697585
18005938841180697585
18150336603744891891
18152588403558577139
18152571910884160499
18143281003134972915
18157354751970505715
18157321766621672435
17578609154375021555
17578609016936068083
17578661518616294387
18443352647138538483
17866874302649332723
17866896292277909475
17868022209364621287
17863501017282766823
17287039715222480871
17287039835481565159
17286965481544607719
17289182371931219911
17289259337879906247
17262242275601147847
17271284654933012422
14956431010490732238
14974410241791151822
14956391479594897102
16127336143905541838
16127054703558053516
16113490853239757964
13771900520872385948
13807927114575224220
13780325524964228381
4556847997194549561
9187109152180878137
9186053622108748601
18409443225278837555
18408313201196757875
18444465091986847603
18435457755293149159
18444465367803750375
18446716927099269095
18446681742727180271
18446620721979322319
18446655905815580623
18442152031576641487
18446479709343571919
18437277965250191326
18437418702738546334
18437418148670906014
18446354978103533214
18446355526250831516
18446390839471947452
18446388640415005884
18446247902926650428
18446036251241659448
18410008829690199096
18410004414396446776
18410004414396463224
18408878523079555184
18120650345984653424
18121213295938074736
18409434875862546528
18407183076048466016
18443211855887560800
17830726704611684449
17830726704678793281
17831852604585635905
18408313359044931649
18408436469987766337
18408436469718315073
18408436469718052929
18403932938810160129
18439821548096577537
18439821479377100800
18439962216865718304
18446717581947036832
18446717582215472352
18442213982588101856
18442213982453884640
18442213982453884640
18442222812906383072
18442222812906383072
18442222812906385120
18442187491028496096
18442187491026398944
18433180291838766816
18433180291838496480
18442187490489257932
18433180274054647756
17280258786627669960
17280258778037735368
17280258786623459208
16131840607034777496
16113773500686638872
16113773499470255896
18392453624213483320
13780767741077040952
18410503342320979833
9187131581416808319
18446602784307355647
18446744073707405247
18446744073166340031
18446744073703260031
18446744073694838655
18446744073696935807
18446744073701163007
18446744073709545411
18446744073705604035
18446744073302950785
18446744073302933889
18446744072694628803
18446744072694629315
18446743968512459715
18446744037231936451
18446744072698971075
18446744073302950851
18446744073302934467
